-2.746417045593261719e+00 -8.950891494750976562e-01 8.625722885131835938e+00 -2.819363355636596680e+00 2.730627059936523438e+01 -1.387205161154270172e-02
-7.845383644104003906e+00 -1.230369210243225098e+00 4.677532196044921875e+00 -2.796557426452636719e+00 2.639528846740722656e+01 -6.789391487836837769e-02
-1.972453689575195312e+01 -1.232906579971313477e+00 -1.094906106591224670e-01 -5.510255336761474609e+00 2.371956825256347656e+01 -3.042202889919281006e-01
-3.434305572509765625e+01 -6.036215424537658691e-01 -7.185267210006713867e-01 -7.236309051513671875e+00 2.127454376220703125e+01 1.846678256988525391e-01
-4.782560729980468750e+01 6.354398727416992188e-01 -1.294487357139587402e+00 -7.284827709197998047e+00 1.634950447082519531e+01 8.171811103820800781e-01
-5.950117111206054688e+01 1.158828735351562500e+01 -1.907203555107116699e+00 -7.211637020111083984e+00 9.768261909484863281e+00 2.069694995880126953e+00
-5.708482742309570312e+01 2.241494941711425781e+01 -1.555096030235290527e+00 -6.481034278869628906e+00 2.966904163360595703e+00 4.670809745788574219e+00
-4.581689071655273438e+01 2.985029602050781250e+01 -8.052277565002441406e-01 -4.778301239013671875e+00 -4.342176914215087891e-01 6.828899383544921875e+00
-2.904770278930664062e+01 3.177876853942871094e+01 -3.555112481117248535e-01 -4.048367023468017578e+00 -9.085696339607238770e-01 9.340319633483886719e+00
-1.247060394287109375e+01 2.976172637939453125e+01 -6.705976277589797974e-02 -5.205142498016357422e+00 -1.185942053794860840e+00 1.108984184265136719e+01
-3.499993085861206055e+00 2.674567604064941406e+01 -2.034787684679031372e-01 -1.022610187530517578e+01 -1.309432744979858398e+00 8.847589492797851562e+00
1.052400112152099609e+00 2.603632926940917969e+01 -3.943373262882232666e-01 -1.561062335968017578e+01 -1.350506186485290527e+00 7.648950576782226562e+00
-1.455954164266586304e-01 2.445320892333984375e+01 -6.717464327812194824e-01 -2.393472862243652344e+01 -1.307228922843933105e+00 3.822360992431640625e+00
-2.707497835159301758e+00 2.339488220214843750e+01 -8.850474357604980469e-01 -3.354950714111328125e+01 -9.607188105583190918e-01 -3.402439057826995850e-01
-4.446922302246093750e+00 2.049052047729492188e+01 -9.233306050300598145e-01 -4.169073486328125000e+01 -4.820561110973358154e-01 -6.675440073013305664e-01
-3.275081396102905273e+00 1.281774139404296875e+01 -3.498675525188446045e-01 -4.933478164672851562e+01 9.131224632263183594e+00 -8.169773221015930176e-01
-2.209850311279296875e+00 5.410010337829589844e+00 -8.363658562302589417e-03 -5.008712387084960938e+01 1.720732688903808594e+01 -1.049772500991821289e+00
-1.466991066932678223e+00 -9.625842422246932983e-02 1.472502946853637695e+00 -4.484230422973632812e+01 2.444436264038085938e+01 -8.100552558898925781e-01
-1.584065675735473633e+00 -6.415030956268310547e-01 1.687522172927856445e+00 -3.650515365600585938e+01 2.794521331787109375e+01 -4.037451446056365967e-01
-4.036652565002441406e+00 -9.345306754112243652e-01 1.929749727249145508e+00 -2.770112037658691406e+01 2.854644012451171875e+01 -2.984437644481658936e-01
-6.631511211395263672e+00 -6.440820097923278809e-01 1.651657819747924805e+00 -1.502877521514892578e+01 2.346476554870605469e+01 -5.171689391136169434e-01
-9.708260536193847656e+00 -9.536186456680297852e-01 4.295126795768737793e-01 -1.003179454803466797e+01 2.451823806762695312e+01 -6.183951497077941895e-01
-1.654090881347656250e+01 -1.062773704528808594e+00 -3.225039839744567871e-01 -8.387293815612792969e+00 2.345953559875488281e+01 -6.093409657478332520e-01
-2.625709533691406250e+01 -7.801110148429870605e-01 -7.856422066688537598e-01 -8.045336723327636719e+00 2.139330101013183594e+01 -5.436095595359802246e-01
-3.605123519897460938e+01 -1.672045439481735229e-01 -1.030284285545349121e+00 -7.979754924774169922e+00 1.792962646484375000e+01 -3.866656422615051270e-01
-5.034556198120117188e+01 9.197095870971679688e+00 -1.649837851524353027e+00 -1.113090229034423828e+01 1.188476848602294922e+01 -9.116039425134658813e-02
-5.106083297729492188e+01 1.670675849914550781e+01 -1.650338530540466309e+00 -8.926185607910156250e+00 7.621675014495849609e+00 2.738420486450195312e+00
-4.564608383178710938e+01 2.328703689575195312e+01 -1.561663150787353516e+00 -3.983826398849487305e+00 9.838327169418334961e-01 5.945472717285156250e+00
-3.638714981079101562e+01 2.730266189575195312e+01 -1.448846936225891113e+00 1.812894940376281738e+00 -5.027469992637634277e-01 6.521348953247070312e+00
-2.749427795410156250e+01 2.864582443237304688e+01 -1.493189573287963867e+00 1.063967323303222656e+01 -9.738990068435668945e-01 7.085685729980468750e+00
-1.671703910827636719e+01 2.777595901489257812e+01 -1.949230790138244629e+00 -2.016630411148071289e+00 -1.501055240631103516e+00 7.846844673156738281e+00
-1.409514045715332031e+01 2.892248153686523438e+01 -2.128227472305297852e+00 -9.889019012451171875e+00 -1.633958101272583008e+00 6.006698608398437500e+00
-1.295344066619873047e+01 2.886512756347656250e+01 -2.217797994613647461e+00 -1.916313934326171875e+01 -1.419033885002136230e+00 3.291570663452148438e+00
-1.229843521118164062e+01 2.595081710815429688e+01 -1.995976448059082031e+00 -2.907425498962402344e+01 -9.805478453636169434e-01 -1.209308654069900513e-01
-1.165701675415039062e+01 2.262271881103515625e+01 -1.734516739845275879e+00 -3.764643096923828125e+01 -2.716658115386962891e-01 -4.199360907077789307e-01
-7.484384059906005859e+00 1.763466644287109375e+01 -7.543663382530212402e-01 -4.444430160522460938e+01 3.670951366424560547e+00 -5.752838850021362305e-01
-4.897970676422119141e+00 1.177448272705078125e+01 -3.706389665603637695e-01 -4.520971679687500000e+01 1.053610324859619141e+01 -7.186562418937683105e-01
-2.597590684890747070e+00 7.168623447418212891e+00 -1.541383117437362671e-01 -4.166325378417968750e+01 1.721225929260253906e+01 -5.689789056777954102e-01
-1.304472327232360840e+00 1.055008411407470703e+00 -2.933133207261562347e-02 -3.448397064208984375e+01 2.118130302429199219e+01 -2.920405566692352295e-01
-1.712207794189453125e+00 -3.831645548343658447e-01 8.157851099967956543e-01 -2.629166603088378906e+01 2.272455978393554688e+01 -1.738968938589096069e-01
-3.783262014389038086e+00 -6.728388667106628418e-01 1.671213865280151367e+00 -1.656175994873046875e+01 2.266458511352539062e+01 -7.034932971000671387e-01
-7.358972072601318359e+00 -9.089519381523132324e-01 -6.268006749451160431e-03 -1.409456920623779297e+01 2.273106002807617188e+01 -1.002922534942626953e+00
-1.506342029571533203e+01 -9.070810675621032715e-01 -3.503818809986114502e-01 -1.417808055877685547e+01 2.325761222839355469e+01 -9.207181930541992188e-01
-2.484371185302734375e+01 -6.439597606658935547e-01 -7.148188948631286621e-01 -1.400095367431640625e+01 2.207402992248535156e+01 -6.625380516052246094e-01
-3.244501495361328125e+01 -1.491573899984359741e-01 -8.986865878105163574e-01 -1.301429271697998047e+01 2.074407577514648438e+01 -4.781064987182617188e-01
-4.347351455688476562e+01 6.790127277374267578e+00 -1.633020281791687012e+00 -1.261191368103027344e+01 1.654677009582519531e+01 9.392333030700683594e-01
-4.454099655151367188e+01 1.211396789550781250e+01 -1.590987086296081543e+00 -1.144033718109130859e+01 1.308276271820068359e+01 3.706797122955322266e+00
-4.042328262329101562e+01 1.784817504882812500e+01 -1.409388899803161621e+00 -8.900001525878906250e+00 8.146239280700683594e+00 4.756577014923095703e+00
-3.329365539550781250e+01 2.137791824340820312e+01 -1.158081650733947754e+00 -6.690124511718750000e+00 4.034562587738037109e+00 5.028633594512939453e+00
-2.704701805114746094e+01 2.108936309814453125e+01 -1.177165627479553223e+00 -5.240672588348388672e+00 7.014230489730834961e-01 5.333961963653564453e+00
-1.523561382293701172e+01 2.042804527282714844e+01 -1.001778006553649902e+00 -7.592360973358154297e+00 -5.381497144699096680e-01 5.349207878112792969e+00
-1.189758110046386719e+01 2.058627128601074219e+01 -1.077242255210876465e+00 -9.571193695068359375e+00 -8.635379672050476074e-01 5.611647605895996094e+00
-1.129048442840576172e+01 2.023144721984863281e+01 -1.152890563011169434e+00 -1.469310760498046875e+01 -7.933146953582763672e-01 3.446278572082519531e+00
-1.202218151092529297e+01 1.816165351867675781e+01 -1.068648934364318848e+00 -2.138179016113281250e+01 -4.688740372657775879e-01 1.602108955383300781e+00
-1.245557689666748047e+01 1.587618064880371094e+01 -8.303627967834472656e-01 -2.733050346374511719e+01 3.840202093124389648e-01 -6.461544334888458252e-02
-1.219568443298339844e+01 1.088432502746582031e+01 -4.758139252662658691e-01 -3.527026748657226562e+01 7.659001827239990234e+00 -4.602254033088684082e-01
-1.020236396789550781e+01 7.447884082794189453e+00 -3.655501604080200195e-01 -3.745124435424804688e+01 1.331830310821533203e+01 -5.476822853088378906e-01
-8.818957328796386719e+00 3.710134506225585938e+00 -3.334884941577911377e-01 -3.593336486816406250e+01 1.773896789550781250e+01 -4.580682814121246338e-01
-8.023539543151855469e+00 1.085974216461181641e+00 -3.179032504558563232e-01 -3.180199050903320312e+01 2.094737243652343750e+01 -2.417451888322830200e-01
-9.391502380371093750e+00 -1.472333520650863647e-01 -2.995509505271911621e-01 -2.617428398132324219e+01 2.163019943237304688e+01 -1.581159681081771851e-01
-1.222163963317871094e+01 -5.178206562995910645e-01 -1.031835824251174927e-01 -1.731163787841796875e+01 2.374456787109375000e+01 -1.020525693893432617e-01
-1.178596019744873047e+01 -6.673359870910644531e-01 -5.138832610100507736e-03 -1.199228668212890625e+01 2.270571899414062500e+01 -2.764011323451995850e-01
-1.461078071594238281e+01 -6.354860663414001465e-01 -1.151705533266067505e-01 -9.420078277587890625e+00 2.076028633117675781e+01 -3.484122455120086670e-01
-1.981324958801269531e+01 -4.338296055793762207e-01 -4.133070111274719238e-01 -9.366396903991699219e+00 1.834054565429687500e+01 -8.484184145927429199e-01
-2.548347663879394531e+01 -2.709519863128662109e-01 -6.599687933921813965e-01 -1.232915019989013672e+01 1.555416393280029297e+01 -1.071538805961608887e+00
-3.559578323364257812e+01 2.904528141021728516e+00 -1.118584036827087402e+00 -1.377641963958740234e+01 1.322643661499023438e+01 -3.074164390563964844e-01
-3.847496795654296875e+01 8.652269363403320312e+00 -1.108732342720031738e+00 -1.031157970428466797e+01 1.008645725250244141e+01 1.568884849548339844e-01
-3.924542617797851562e+01 1.462406349182128906e+01 -1.139643788337707520e+00 -7.071977138519287109e+00 5.813601970672607422e+00 2.123310089111328125e+00
-3.703907394409179688e+01 1.926040267944335938e+01 -1.006645083427429199e+00 -4.701128482818603516e+00 1.816226363182067871e+00 3.438647270202636719e+00
-3.308235931396484375e+01 2.144987487792968750e+01 -9.942820668220520020e-01 -4.064313888549804688e+00 -2.305218279361724854e-01 4.361572265625000000e+00
-1.711227035522460938e+01 2.575716209411621094e+01 -5.208960175514221191e-01 -4.163843631744384766e+00 -8.377029299736022949e-01 4.224822998046875000e+00
-9.228621482849121094e+00 2.331311798095703125e+01 -9.158280491828918457e-01 -6.406277656555175781e+00 -9.379200935363769531e-01 2.910806655883789062e+00
-5.950273990631103516e+00 1.972657203674316406e+01 -1.185341000556945801e+00 -1.207873821258544922e+01 -8.726338744163513184e-01 1.747483730316162109e+00
-6.424471378326416016e+00 1.602247619628906250e+01 -1.414536356925964355e+00 -1.984851837158203125e+01 -5.667862296104431152e-01 -1.814833730459213257e-01
-7.594326019287109375e+00 1.205088615417480469e+01 -1.519482493400573730e+00 -2.729099845886230469e+01 9.737050533294677734e-02 -4.315436482429504395e-01
-1.218151760101318359e+01 7.394888401031494141e+00 -1.065264225006103516e+00 -3.807027816772460938e+01 1.244771862030029297e+01 -5.760931372642517090e-01
-9.580559730529785156e+00 4.591285705566406250e+00 -7.826306819915771484e-01 -3.840263366699218750e+01 1.625526809692382812e+01 -7.375094890594482422e-01
-6.881365299224853516e+00 -5.948705598711967468e-02 -3.941296935081481934e-01 -3.701898574829101562e+01 2.107485198974609375e+01 -8.229267001152038574e-01
-5.928173065185546875e+00 -4.010170102119445801e-01 -1.784272491931915283e-01 -3.408966827392578125e+01 2.412740325927734375e+01 -6.606983542442321777e-01
-6.844844818115234375e+00 -6.847258210182189941e-01 -1.562030166387557983e-01 -2.976877212524414062e+01 2.796413040161132812e+01 -4.421800076961517334e-01
-9.273504257202148438e+00 -8.281788229942321777e-01 -4.671586304903030396e-02 -1.999802398681640625e+01 2.788657188415527344e+01 -2.871259748935699463e-01
-1.081125164031982422e+01 -9.337846636772155762e-01 -1.106385514140129089e-01 -1.320313739776611328e+01 2.796068572998046875e+01 -1.005451455712318420e-01
-1.394183540344238281e+01 -9.907938241958618164e-01 -3.540059328079223633e-01 -8.040450096130371094e+00 2.585731887817382812e+01 -4.823372513055801392e-02
-1.908052635192871094e+01 -7.766143679618835449e-01 -6.127332448959350586e-01 -4.921160697937011719e+00 2.250528717041015625e+01 -1.382725536823272705e-01
-2.506173515319824219e+01 -2.267982512712478638e-01 -8.390030860900878906e-01 -4.826045036315917969e+00 1.770245933532714844e+01 -2.010962069034576416e-01
-3.415843200683593750e+01 3.960106849670410156e+00 -1.312928557395935059e+00 -7.325822353363037109e+00 1.400762462615966797e+01 -1.075868606567382812e-01
-3.994669342041015625e+01 8.653425216674804688e+00 -1.300198912620544434e+00 -7.357941627502441406e+00 1.115458106994628906e+01 8.950250148773193359e-01
-4.182305526733398438e+01 1.446198844909667969e+01 -1.230323672294616699e+00 -6.219532012939453125e+00 7.658322811126708984e+00 2.195824623107910156e+00
-3.892715454101562500e+01 1.837090682983398438e+01 -1.005002737045288086e+00 -4.737761974334716797e+00 4.512632846832275391e+00 3.322711944580078125e+00
-3.409035110473632812e+01 2.050250244140625000e+01 -8.744730949401855469e-01 -3.604152679443359375e+00 1.304040312767028809e+00 4.485649108886718750e+00
-2.150033378601074219e+01 2.747386550903320312e+01 -6.082608103752136230e-01 -4.926651477813720703e+00 -8.230681419372558594e-01 4.409632205963134766e+00
-1.439948463439941406e+01 2.641295623779296875e+01 -6.769081950187683105e-01 -1.110487651824951172e+01 -1.027684092521667480e+00 2.799457550048828125e+00
-8.069304466247558594e+00 2.477836608886718750e+01 -6.236199140548706055e-01 -1.754441642761230469e+01 -9.722501039505004883e-01 1.776274204254150391e+00
-2.818930625915527344e+00 1.982175445556640625e+01 -6.568159461021423340e-01 -2.445693969726562500e+01 -6.362907290458679199e-01 -2.410078048706054688e-02
-1.479315310716629028e-01 1.486602783203125000e+01 -5.377253293991088867e-01 -3.018526268005371094e+01 -5.964089557528495789e-02 -2.501341402530670166e-01
-1.151406645774841309e+00 4.428425312042236328e+00 -6.968528032302856445e-03 -3.730779266357421875e+01 1.388273239135742188e+01 -5.606616735458374023e-01
-2.314588785171508789e+00 1.480915546417236328e+00 1.154577970504760742e+00 -3.940990829467773438e+01 1.835290527343750000e+01 -6.495746970176696777e-01
-3.533123731613159180e+00 -2.896990478038787842e-01 1.910525083541870117e+00 -3.833091354370117188e+01 2.311814117431640625e+01 -7.830855250358581543e-01
-4.668582439422607422e+00 -5.583794713020324707e-01 2.996575117111206055e+00 -3.593386077880859375e+01 2.592485809326171875e+01 -7.769941687583923340e-01
-6.334415435791015625e+00 -5.553337335586547852e-01 3.183071851730346680e+00 -3.301002120971679688e+01 2.809103584289550781e+01 -7.988716363906860352e-01
-1.003496360778808594e+01 -7.514376640319824219e-01 6.533211469650268555e-02 -2.332482910156250000e+01 2.553866767883300781e+01 -5.865345597267150879e-01
-1.463582611083984375e+01 -8.278443217277526855e-01 -4.156001284718513489e-02 -1.847624588012695312e+01 2.559572982788085938e+01 -3.959405124187469482e-01
-1.959862899780273438e+01 -7.169882059097290039e-01 -1.875339746475219727e-01 -1.401447010040283203e+01 2.344082260131835938e+01 -2.528140246868133545e-01
-2.447458457946777344e+01 -3.798270225524902344e-01 -3.358255624771118164e-01 -1.044162559509277344e+01 2.048023223876953125e+01 1.347250938415527344e-01
-2.796603202819824219e+01 4.443573951721191406e-01 -5.095396637916564941e-01 -8.125191688537597656e+00 1.555448436737060547e+01 7.361068725585937500e-01
-3.411730194091796875e+01 9.531213760375976562e+00 -6.786107420921325684e-01 -5.973192691802978516e+00 6.566793918609619141e+00 1.147810459136962891e+00
-3.607307434082031250e+01 1.372433090209960938e+01 -8.688521385192871094e-01 -6.667087554931640625e+00 4.050536632537841797e+00 2.255702972412109375e+00
-3.611604309082031250e+01 1.805765342712402344e+01 -9.384978413581848145e-01 -8.256834030151367188e+00 1.617025732994079590e+00 2.123276710510253906e+00
-3.336452865600585938e+01 2.078898811340332031e+01 -8.570381999015808105e-01 -9.433155059814453125e+00 -2.547270059585571289e-02 3.373032569885253906e+00
-2.971283340454101562e+01 2.280797386169433594e+01 -7.663468718528747559e-01 -1.061036205291748047e+01 -1.214407607913017273e-01 4.207529544830322266e+00
-2.118830680847167969e+01 2.472719001770019531e+01 -8.580591082572937012e-01 -1.574172878265380859e+01 -2.016808986663818359e-01 4.129047870635986328e+00
-1.517950439453125000e+01 2.417401885986328125e+01 -6.856953501701354980e-01 -1.842351341247558594e+01 -2.578314244747161865e-01 2.824316024780273438e+00
-9.220260620117187500e+00 2.083639526367187500e+01 -4.363475739955902100e-01 -2.201170539855957031e+01 -1.036822423338890076e-01 1.792521238327026367e+00
-5.048474311828613281e+00 1.655553245544433594e+01 -2.591891586780548096e-01 -2.587763977050781250e+01 2.046671867370605469e+00 1.037473678588867188e+00
-2.810305595397949219e+00 1.315423011779785156e+01 -1.147923246026039124e-01 -2.969948387145996094e+01 6.752500057220458984e+00 -1.558795012533664703e-02
-1.315988779067993164e+00 9.038654327392578125e+00 -2.314578294754028320e-01 -3.363749694824218750e+01 1.054856777191162109e+01 -2.765776813030242920e-01
-1.030233621597290039e+00 4.624983787536621094e+00 -1.022872254252433777e-01 -3.515915298461914062e+01 1.647361755371093750e+01 -2.938504219055175781e-01
-2.883611917495727539e+00 -9.493571519851684570e-02 -2.009060978889465332e-02 -3.467987060546875000e+01 2.098737525939941406e+01 -5.044487118721008301e-01
-5.285732269287109375e+00 -3.309628665447235107e-01 6.652361750602722168e-01 -3.250472259521484375e+01 2.442653274536132812e+01 -5.164852738380432129e-01
-7.759343624114990234e+00 -5.690952539443969727e-01 7.333409190177917480e-01 -2.915350723266601562e+01 2.620789909362792969e+01 -5.463200211524963379e-01
-1.365813922882080078e+01 -7.033820748329162598e-01 -2.322732508182525635e-01 -2.303749656677246094e+01 2.714477539062500000e+01 -6.911204457283020020e-01
-1.668631553649902344e+01 -6.774486899375915527e-01 -2.000327557325363159e-01 -1.814432334899902344e+01 2.697550201416015625e+01 -4.240466058254241943e-01
-1.959514808654785156e+01 -5.853855609893798828e-01 -3.432281017303466797e-01 -1.298470020294189453e+01 2.433575439453125000e+01 -2.194508314132690430e-01
-2.206193542480468750e+01 -2.610993385314941406e-01 -4.665452539920806885e-01 -8.269183158874511719e+00 2.066151046752929688e+01 3.858721256256103516e-01
-2.446755790710449219e+01 1.944449424743652344e+00 -5.327042937278747559e-01 -5.397422790527343750e+00 1.577624797821044922e+01 1.388415575027465820e+00
-2.703744506835937500e+01 7.326571941375732422e+00 -7.430859208106994629e-01 -2.678595304489135742e+00 6.324761867523193359e+00 1.116447448730468750e-01
-2.919401550292968750e+01 1.035894203186035156e+01 -1.016051650047302246e+00 -2.354921579360961914e+00 2.997403621673583984e+00 6.776428222656250000e-01
-3.150592041015625000e+01 1.467709922790527344e+01 -1.272174000740051270e+00 -3.138836622238159180e+00 -1.760822534561157227e-02 2.053358078002929688e+00
-3.195354652404785156e+01 1.781538581848144531e+01 -1.436680555343627930e+00 -4.856266498565673828e+00 -3.085901737213134766e-01 1.792598724365234375e+00
-3.162992668151855469e+01 2.018390083312988281e+01 -1.518952488899230957e+00 -7.112706661224365234e+00 -4.937017858028411865e-01 1.708281517028808594e+00
-2.440808105468750000e+01 2.278058815002441406e+01 -1.314335584640502930e+00 -1.118120479583740234e+01 -6.604942083358764648e-01 2.412817001342773438e+00
-1.857813072204589844e+01 2.240942192077636719e+01 -1.245075106620788574e+00 -1.480382823944091797e+01 -6.684260964393615723e-01 2.030126571655273438e+00
-1.281154155731201172e+01 2.042219734191894531e+01 -1.155271291732788086e+00 -1.772195243835449219e+01 -5.425822734832763672e-01 1.169290542602539062e+00
-8.811982154846191406e+00 1.702965354919433594e+01 -1.055102705955505371e+00 -2.077399253845214844e+01 -2.457786053419113159e-01 1.626043319702148438e-01
-7.667109012603759766e+00 1.310466003417968750e+01 -9.574784636497497559e-01 -2.341575431823730469e+01 1.690533041954040527e+00 -8.228969573974609375e-02
-7.877497196197509766e+00 8.508647918701171875e+00 -5.463995337486267090e-01 -2.821071434020996094e+01 9.798645019531250000e+00 -3.954418301582336426e-01
-8.618038177490234375e+00 6.216989040374755859e+00 -4.605698287487030029e-01 -2.939772605895996094e+01 1.341036415100097656e+01 -4.669077098369598389e-01
-8.803228378295898438e+00 3.749621391296386719e+00 -4.038700759410858154e-01 -2.964012718200683594e+01 1.710004615783691406e+01 -5.997773408889770508e-01
-9.535610198974609375e+00 1.911290168762207031e+00 -2.593117952346801758e-01 -2.784912490844726562e+01 2.012584114074707031e+01 -5.982143282890319824e-01
-8.660729408264160156e+00 -1.359442770481109619e-01 -2.249484360218048096e-01 -2.442946434020996094e+01 2.207113265991210938e+01 -6.255030035972595215e-01
-1.144509696960449219e+01 -6.751286387443542480e-01 1.268783330917358398e+00 -2.347191619873046875e+01 2.562609100341796875e+01 -9.263747334480285645e-01
-1.336359405517578125e+01 -7.740930914878845215e-01 1.107558965682983398e+00 -1.969872856140136719e+01 2.651982879638671875e+01 -1.000828742980957031e+00
-1.526733589172363281e+01 -7.309483885765075684e-01 -3.949481528252363205e-03 -1.573097419738769531e+01 2.727644729614257812e+01 -7.662687301635742188e-01
-1.760313987731933594e+01 -7.692774534225463867e-01 -9.376195073127746582e-02 -1.149113273620605469e+01 2.532915115356445312e+01 -7.854080200195312500e-01
-1.976175117492675781e+01 -4.602278769016265869e-01 -1.093897148966789246e-01 -8.525196075439453125e+00 2.304941558837890625e+01 -5.748328566551208496e-01
-2.307942008972167969e+01 2.784984111785888672e+00 -6.116213202476501465e-01 -3.574468374252319336e+00 1.623059844970703125e+01 -8.817167580127716064e-02
-2.938200950622558594e+01 5.427720069885253906e+00 -9.398881793022155762e-01 -2.184591770172119141e+00 1.344010829925537109e+01 1.990032196044921875e-01
-3.511396026611328125e+01 1.053591537475585938e+01 -1.139119386672973633e+00 -2.351192235946655273e+00 9.026322364807128906e+00 1.357976913452148438e+00
-3.820699691772460938e+01 1.598193359375000000e+01 -1.292176604270935059e+00 -3.767156362533569336e+00 5.348314285278320312e+00 2.356201171875000000e+00
-3.804312896728515625e+01 1.977429199218750000e+01 -1.409635782241821289e+00 -5.005648136138916016e+00 9.593595266342163086e-01 2.962152481079101562e+00
-3.332468032836914062e+01 2.631843948364257812e+01 -1.676092147827148438e+00 -1.053696918487548828e+01 -4.992392063140869141e-01 5.655034065246582031e+00
-2.711044692993164062e+01 2.816971397399902344e+01 -1.546577215194702148e+00 -1.262663364410400391e+01 -8.930562138557434082e-01 6.035824775695800781e+00
-1.827147674560546875e+01 2.856656265258789062e+01 -1.282820582389831543e+00 -1.463734626770019531e+01 -1.008738040924072266e+00 4.744822025299072266e+00
-9.511196136474609375e+00 2.469154548645019531e+01 -1.020027995109558105e+00 -1.825910758972167969e+01 -9.289155006408691406e-01 3.095324993133544922e+00
-3.682772159576416016e+00 2.047282218933105469e+01 -9.032525420188903809e-01 -2.365535545349121094e+01 -4.389850199222564697e-01 8.324270248413085938e-01
-1.845325350761413574e+00 1.191882324218750000e+01 -8.332692384719848633e-01 -3.246154403686523438e+01 3.795802116394042969e+00 -2.659613192081451416e-01
-1.192854881286621094e+00 8.558851242065429688e+00 -6.630782485008239746e-01 -3.541708755493164062e+01 9.156031608581542969e+00 -4.754004478454589844e-01
-8.029714822769165039e-01 4.065440654754638672e+00 -3.346074521541595459e-01 -3.749783706665039062e+01 1.519607448577880859e+01 -6.895427107810974121e-01
-1.287895798683166504e+00 -1.480002421885728836e-02 -1.105731278657913208e-01 -3.811832046508789062e+01 2.057028961181640625e+01 -8.992465138435363770e-01
-2.298335790634155273e+00 -3.588954508304595947e-01 3.194414973258972168e-01 -3.689625167846679688e+01 2.457469749450683594e+01 -9.425453543663024902e-01
-6.989936828613281250e+00 -7.961605191230773926e-01 -9.809239953756332397e-02 -3.041993141174316406e+01 3.003646850585937500e+01 -1.014104247093200684e+00
-1.072877979278564453e+01 -7.935876846313476562e-01 -9.120801091194152832e-02 -2.457025718688964844e+01 3.037652587890625000e+01 -1.106433153152465820e+00
-1.456714820861816406e+01 -7.451868057250976562e-01 -1.058408021926879883e-01 -1.981402397155761719e+01 3.064834213256835938e+01 -8.894128799438476562e-01
-1.871778678894042969e+01 -5.556322336196899414e-01 -2.361806184053421021e-01 -1.541248035430908203e+01 2.779776382446289062e+01 -5.553426146507263184e-01
-2.159177207946777344e+01 -2.176914177834987640e-02 -3.043156862258911133e-01 -1.153084087371826172e+01 2.371493530273437500e+01 -2.067821025848388672e-01
-2.712203407287597656e+01 2.024314403533935547e+00 -6.000371575355529785e-01 -4.480449676513671875e+00 1.857326316833496094e+01 -4.653615877032279968e-02
-3.123444938659667969e+01 7.582185268402099609e+00 -7.965205907821655273e-01 -2.013414859771728516e+00 1.275313663482666016e+01 9.539451599121093750e-01
-3.378074645996093750e+01 1.365716743469238281e+01 -1.085075259208679199e+00 -1.059522271156311035e+00 6.141104221343994141e+00 3.078666687011718750e+00
-3.492440414428710938e+01 2.047338676452636719e+01 -1.185801386833190918e+00 -1.683985114097595215e+00 7.245045900344848633e-01 4.388026714324951172e+00
-3.376004409790039062e+01 2.540889167785644531e+01 -1.312298297882080078e+00 -3.194925785064697266e+00 -3.934414386749267578e-01 4.895310878753662109e+00
-2.875998306274414062e+01 3.221063232421875000e+01 -1.271685004234313965e+00 -1.061254119873046875e+01 -9.779019355773925781e-01 5.136116027832031250e+00
-2.458876228332519531e+01 3.201534271240234375e+01 -1.218036174774169922e+00 -1.353702449798583984e+01 -8.353171348571777344e-01 5.982871055603027344e+00
-1.919149017333984375e+01 2.842815589904785156e+01 -8.799826502799987793e-01 -1.541865539550781250e+01 -6.312959790229797363e-01 4.364164352416992188e+00
-1.302774047851562500e+01 2.433985328674316406e+01 -5.191985964775085449e-01 -1.747589111328125000e+01 -3.113082051277160645e-01 3.337305068969726562e+00
-7.971730709075927734e+00 1.966148185729980469e+01 -2.946814894676208496e-01 -2.023587036132812500e+01 1.606996417045593262e+00 1.544794082641601562e+00
-4.684324741363525391e+00 1.275193786621093750e+01 -2.341391891241073608e-01 -2.406682586669921875e+01 7.773141384124755859e+00 1.238270521163940430e+00
-3.604664564132690430e+00 1.013756561279296875e+01 -1.292820274829864502e-01 -2.647965049743652344e+01 1.037917995452880859e+01 -8.112250268459320068e-02
-3.042558193206787109e+00 6.286840915679931641e+00 -5.911334231495857239e-02 -2.870399284362792969e+01 1.494716167449951172e+01 -2.250188440084457397e-01
-3.124914407730102539e+00 3.326293468475341797e+00 -8.788417279720306396e-02 -2.966445732116699219e+01 1.894897270202636719e+01 -3.316296637058258057e-01
-3.416851758956909180e+00 2.123925685882568359e-01 -5.160315707325935364e-02 -2.863667297363281250e+01 2.249330711364746094e+01 -3.601617813110351562e-01
-8.782446861267089844e+00 -5.559089407324790955e-02 -2.780944108963012695e-03 -2.455147933959960938e+01 2.448027801513671875e+01 -3.466896712779998779e-01
-1.289976501464843750e+01 -9.757479280233383179e-02 -1.689160428941249847e-02 -2.266682243347167969e+01 2.594648170471191406e+01 -3.330897390842437744e-01
-1.605481529235839844e+01 -3.799928352236747742e-02 -1.875613443553447723e-02 -2.078702926635742188e+01 2.602215003967285156e+01 -3.376344144344329834e-01
-1.795860671997070312e+01 1.241317749023437500e+00 -8.233083039522171021e-02 -1.779957771301269531e+01 2.499607276916503906e+01 -4.071524143218994141e-01
-1.725961685180664062e+01 2.234791278839111328e+00 -6.344102323055267334e-02 -1.426805877685546875e+01 2.221426391601562500e+01 -3.118782937526702881e-01
-1.782782363891601562e+01 6.131430625915527344e+00 -1.879890263080596924e-01 -1.053242683410644531e+01 1.592550945281982422e+01 9.095978736877441406e-02
-2.158020019531250000e+01 8.189443588256835938e+00 -3.189100027084350586e-01 -9.834543228149414062e+00 1.434947872161865234e+01 1.510502576828002930e+00
-2.536089515686035156e+01 1.123678588867187500e+01 -5.214039087295532227e-01 -1.011903381347656250e+01 1.239058017730712891e+01 9.641969203948974609e-01
-2.811299133300781250e+01 1.460625267028808594e+01 -7.069868445396423340e-01 -1.065758991241455078e+01 1.086746692657470703e+01 4.854052066802978516e-01
-2.816009330749511719e+01 1.654377174377441406e+01 -7.800931334495544434e-01 -1.093473815917968750e+01 8.356364250183105469e+00 2.332341670989990234e-01
-2.217426109313964844e+01 1.913461875915527344e+01 -1.235839247703552246e+00 -1.199502944946289062e+01 7.695337772369384766e+00 2.548371791839599609e+00
-1.973135375976562500e+01 1.959208488464355469e+01 -9.401976466178894043e-01 -1.324838161468505859e+01 6.154135227203369141e+00 2.959752559661865234e+00
-1.498181056976318359e+01 1.988241958618164062e+01 -5.386437773704528809e-01 -1.440825080871582031e+01 5.568624019622802734e+00 2.907304763793945312e+00
-1.088994693756103516e+01 1.789491081237792969e+01 -4.121673107147216797e-01 -1.604540824890136719e+01 6.049165725708007812e+00 1.987072944641113281e+00
-8.437162399291992188e+00 1.594122314453125000e+01 -3.222171962261199951e-01 -1.678003501892089844e+01 6.329074382781982422e+00 1.617960929870605469e+00
-8.909529685974121094e+00 1.184506797790527344e+01 -6.948481798171997070e-01 -2.039341735839843750e+01 1.182031250000000000e+01 8.252842426300048828e-01
-9.915616989135742188e+00 1.036430931091308594e+01 -8.388221859931945801e-01 -2.252954673767089844e+01 1.289505290985107422e+01 3.106195926666259766e-01
-1.115373325347900391e+01 9.868913650512695312e+00 -9.107667803764343262e-01 -2.334242630004882812e+01 1.476714229583740234e+01 5.105323791503906250e-01
-1.195195579528808594e+01 8.683692932128906250e+00 -7.820911407470703125e-01 -2.293881034851074219e+01 1.568024539947509766e+01 7.249934673309326172e-01
-1.193651485443115234e+01 8.186939239501953125e+00 -6.224183440208435059e-01 -2.082986068725585938e+01 1.712270545959472656e+01 1.201869010925292969e+00
