-5.931970119476318359e+00 -1.222917556762695312e+00 -7.638471126556396484e-01 -7.295677185058593750e+00 3.946445465087890625e+01 -4.250574707984924316e-01
-1.695013999938964844e+01 -8.183923959732055664e-01 -2.150876522064208984e+00 -1.242133617401123047e+01 3.822079086303710938e+01 -5.635440945625305176e-01
-3.552625656127929688e+01 -5.026717111468315125e-02 -3.314275503158569336e+00 -1.869942474365234375e+01 3.462233352661132812e+01 -5.238146781921386719e-01
-5.300783157348632812e+01 1.220894050598144531e+01 -3.702646732330322266e+00 -2.085938644409179688e+01 2.910706710815429688e+01 3.241112709045410156e+00
-6.076518630981445312e+01 2.426834297180175781e+01 -3.630375385284423828e+00 -1.926046371459960938e+01 2.254043197631835938e+01 6.755411148071289062e+00
-5.572726440429687500e+01 3.267477798461914062e+01 -1.031613945960998535e+00 -1.081843662261962891e+01 1.724092292785644531e+01 3.922908782958984375e+00
-3.944336700439453125e+01 3.694155502319335938e+01 -1.231842562556266785e-01 -4.051166057586669922e+00 9.122975349426269531e+00 5.135679244995117188e+00
-2.081690788269042969e+01 3.753393936157226562e+01 2.050683736801147461e+00 -2.824805259704589844e+00 2.589467763900756836e-01 3.817129135131835938e+00
-7.828215122222900391e+00 3.618445205688476562e+01 1.346143484115600586e+00 -7.740520477294921875e+00 -4.168371856212615967e-01 -1.380900144577026367e-01
-6.597911357879638672e+00 3.355922317504882812e+01 -2.275448292493820190e-01 -1.844522476196289062e+01 -3.544245362281799316e-01 -5.804552435874938965e-01
-1.665826225280761719e+01 3.449779510498046875e+01 -1.471855878829956055e+00 -3.229626083374023438e+01 2.675374746322631836e-01 -3.295720815658569336e+00
-1.992942810058593750e+01 3.055544853210449219e+01 -7.763009071350097656e-01 -4.813736343383789062e+01 1.189914321899414062e+01 -3.986402273178100586e+00
-1.686209678649902344e+01 2.283426856994628906e+01 2.802541017532348633e+00 -5.828958892822265625e+01 2.363168334960937500e+01 -4.985185146331787109e+00
-1.066291332244873047e+01 1.458951187133789062e+01 4.266368865966796875e+00 -6.023397445678710938e+01 3.451712036132812500e+01 -5.586392879486083984e+00
-5.808724880218505859e+00 5.164809226989746094e+00 2.999832391738891602e+00 -5.439969635009765625e+01 4.237654876708984375e+01 -5.003312587738037109e+00
-5.774196147918701172e+00 8.782172203063964844e-01 8.597361445426940918e-01 -3.460788345336914062e+01 4.579943084716796875e+01 -1.992340326309204102e+00
-3.225582122802734375e+00 -4.598142206668853760e-01 -4.828454554080963135e-01 -2.065854454040527344e+01 4.332420349121093750e+01 -1.483760595321655273e+00
-1.123387432098388672e+01 -7.435004115104675293e-01 -1.220727086067199707e+00 -1.076415634155273438e+01 3.962884521484375000e+01 -9.109434485435485840e-01
-2.236945152282714844e+01 -5.445491671562194824e-01 -1.805913567543029785e+00 -8.499011993408203125e+00 3.634710693359375000e+01 -3.794530332088470459e-01
-3.562308883666992188e+01 2.028016567230224609e+00 -2.108863592147827148e+00 -1.271094322204589844e+01 3.223814010620117188e+01 -5.226395726203918457e-01
-4.963893890380859375e+01 1.352077484130859375e+01 -3.079844951629638672e+00 -2.066910171508789062e+01 3.213128662109375000e+01 -2.706532180309295654e-01
-5.580245971679687500e+01 2.204806900024414062e+01 -2.698331594467163086e+00 -1.713840293884277344e+01 2.682586288452148438e+01 3.368606090545654297e+00
-5.310650634765625000e+01 3.194801902770996094e+01 -2.527684688568115234e+00 -1.163499259948730469e+01 1.852536582946777344e+01 5.183401107788085938e+00
-4.424758148193359375e+01 3.764601516723632812e+01 -2.119355916976928711e+00 -5.757493972778320312e+00 1.059160518646240234e+01 5.476160049438476562e+00
-3.398595809936523438e+01 4.090241622924804688e+01 -1.920200228691101074e+00 -4.238917827606201172e+00 2.806085109710693359e+00 4.316912651062011719e+00
-1.554251766204833984e+01 3.765899276733398438e+01 -1.262563943862915039e+00 -1.274180126190185547e+01 -3.945486545562744141e-01 -2.838772237300872803e-01
-1.090083122253417969e+01 3.573831558227539062e+01 -9.872425198554992676e-01 -2.288295555114746094e+01 -4.339979588985443115e-01 -1.169156908988952637e+00
-1.113119029998779297e+01 3.271203994750976562e+01 -7.985718250274658203e-01 -3.567225265502929688e+01 5.670045614242553711e-01 -1.646069526672363281e+00
-1.399068641662597656e+01 2.890546607971191406e+01 -8.379856348037719727e-01 -4.913485336303710938e+01 7.334630489349365234e+00 -2.363355875015258789e+00
-1.820694541931152344e+01 2.261765861511230469e+01 -7.092642188072204590e-01 -5.806815719604492188e+01 1.719729232788085938e+01 -2.831168174743652344e+00
-1.761779785156250000e+01 1.313104629516601562e+01 1.809775114059448242e+00 -5.437556838989257812e+01 3.005715751647949219e+01 -2.825380086898803711e+00
-1.035536098480224609e+01 5.552276134490966797e+00 2.311997175216674805e+00 -4.592183303833007812e+01 3.739474487304687500e+01 -2.741660356521606445e+00
-6.145999431610107422e+00 -3.061222732067108154e-01 -6.251651328057050705e-03 -3.284269714355468750e+01 4.039934539794921875e+01 -2.070027112960815430e+00
-6.284921169281005859e+00 -7.405062317848205566e-01 -4.221524894237518311e-01 -1.879635429382324219e+01 4.068148803710937500e+01 -1.491729140281677246e+00
-1.038958930969238281e+01 -8.898993730545043945e-01 -9.271344542503356934e-01 -9.356474876403808594e+00 3.714372634887695312e+01 -1.352929711341857910e+00
-2.821395874023437500e+01 -2.010779455304145813e-02 -1.348106503486633301e+00 -9.585183143615722656e+00 3.272849273681640625e+01 -4.055884778499603271e-01
-3.987995529174804688e+01 4.347862720489501953e+00 -2.246950387954711914e+00 -1.054987716674804688e+01 3.118421173095703125e+01 -6.774969398975372314e-02
-5.219437408447265625e+01 1.159737968444824219e+01 -3.296720504760742188e+00 -1.185798740386962891e+01 2.674251174926757812e+01 2.160598754882812500e+00
-6.078078842163085938e+01 2.084719657897949219e+01 -3.544959783554077148e+00 -1.253250026702880859e+01 2.152834701538085938e+01 3.096699237823486328e+00
-6.167945480346679688e+01 2.945668220520019531e+01 -3.443400621414184570e+00 -1.234618854522705078e+01 1.510392665863037109e+01 5.143096923828125000e+00
-4.185791778564453125e+01 3.781756210327148438e+01 -2.871424913406372070e+00 -6.417122840881347656e+00 2.474517345428466797e+00 4.296678066253662109e+00
-2.923498916625976562e+01 4.007161712646484375e+01 -2.535886526107788086e+00 -5.680680274963378906e+00 -4.672977924346923828e-01 6.197638034820556641e+00
-1.803707313537597656e+01 4.048177337646484375e+01 -2.749316453933715820e+00 -9.355945587158203125e+00 -8.824834227561950684e-01 1.713501214981079102e+00
-1.259547233581542969e+01 3.674762725830078125e+01 -2.539912462234497070e+00 -1.770142173767089844e+01 -8.082554936408996582e-01 -5.085716247558593750e-01
-1.297997474670410156e+01 3.285634613037109375e+01 -2.616706132888793945e+00 -2.991551589965820312e+01 -2.729664444923400879e-01 -1.046434402465820312e+00
-1.888291358947753906e+01 2.956903266906738281e+01 -7.462613582611083984e-01 -5.297570800781250000e+01 5.320731639862060547e+00 -2.546140193939208984e+00
-1.443981075286865234e+01 2.244588279724121094e+01 -6.609773039817810059e-01 -6.006582260131835938e+01 1.735559082031250000e+01 -2.475746870040893555e+00
-1.171274471282958984e+01 1.249290847778320312e+01 -1.151620149612426758e-01 -5.821563720703125000e+01 2.949058532714843750e+01 -2.578003883361816406e+00
-9.014881134033203125e+00 3.550847530364990234e+00 2.761816740036010742e+00 -5.186021804809570312e+01 3.831423187255859375e+01 -2.179353952407836914e+00
-1.007351779937744141e+01 -3.319951593875885010e-01 2.386809110641479492e+00 -4.226931381225585938e+01 4.570723342895507812e+01 -1.714182734489440918e+00
-1.318769550323486328e+01 -1.168075919151306152e+00 -3.268004655838012695e-01 -1.839125823974609375e+01 4.551009368896484375e+01 -3.765539228916168213e-01
-1.867616271972656250e+01 -1.282112479209899902e+00 -6.870810985565185547e-01 -9.783267974853515625e+00 4.363890075683593750e+01 -3.148402273654937744e-01
-2.677494239807128906e+01 -9.643278121948242188e-01 -1.098268389701843262e+00 -6.052978038787841797e+00 4.073107910156250000e+01 -1.260486692190170288e-01
-3.653645324707031250e+01 -4.653509557247161865e-01 -1.500523328781127930e+00 -5.166238307952880859e+00 3.657863235473632812e+01 -1.531925201416015625e-01
-4.282017135620117188e+01 1.702516078948974609e+00 -1.525553107261657715e+00 -4.331805229187011719e+00 3.077267456054687500e+01 -3.472968041896820068e-01
-5.094850540161132812e+01 1.479108619689941406e+01 -1.962319016456604004e+00 -1.041417217254638672e+01 2.060333633422851562e+01 -9.866579174995422363e-01
-5.218665695190429688e+01 2.610737800598144531e+01 -1.833266258239746094e+00 -1.088996887207031250e+01 1.286395740509033203e+01 -6.013180017471313477e-01
-4.473313522338867188e+01 3.411405563354492188e+01 -1.383181691169738770e+00 -1.083450031280517578e+01 5.436561107635498047e+00 -4.198128879070281982e-01
-3.269736862182617188e+01 3.957628631591796875e+01 -9.299700856208801270e-01 -1.082886981964111328e+01 8.225190639495849609e-02 1.021929740905761719e+00
-2.000651359558105469e+01 3.995934677124023438e+01 -7.894648909568786621e-01 -1.170094203948974609e+01 -2.236651033163070679e-01 3.821978569030761719e+00
-1.036236095428466797e+01 3.409817886352539062e+01 -1.597780346870422363e+00 -2.899931716918945312e+01 1.131204366683959961e-01 -1.001079797744750977e+00
-6.415045261383056641e+00 2.983296585083007812e+01 -1.225565075874328613e+00 -3.583812332153320312e+01 4.116408824920654297e+00 -1.858824729919433594e+00
-4.781650066375732422e+00 2.439170455932617188e+01 -5.930098891258239746e-01 -4.157395553588867188e+01 1.138491725921630859e+01 -2.422627449035644531e+00
-5.103940010070800781e+00 1.897381782531738281e+01 -5.168960094451904297e-01 -4.573440170288085938e+01 1.771670913696289062e+01 -2.816344022750854492e+00
-5.953543186187744141e+00 1.303013801574707031e+01 -3.750447630882263184e-01 -4.766663360595703125e+01 2.512706756591796875e+01 -2.901534080505371094e+00
-1.142132091522216797e+01 2.585937976837158203e+00 -5.246703624725341797e-01 -4.551198959350585938e+01 3.496286010742187500e+01 -1.426369905471801758e+00
-1.380645751953125000e+01 -2.000958025455474854e-01 -3.878484070301055908e-01 -3.905875778198242188e+01 4.043391799926757812e+01 -1.460008382797241211e+00
-1.905174255371093750e+01 -5.494068861007690430e-01 -5.493016839027404785e-01 -2.988533020019531250e+01 4.275728988647460938e+01 -1.267968773841857910e+00
-2.362925529479980469e+01 -5.293215513229370117e-01 -7.179296016693115234e-01 -2.081651115417480469e+01 4.149108886718750000e+01 -1.254530787467956543e+00
-2.813429641723632812e+01 -3.232071399688720703e-01 -1.028254389762878418e+00 -1.460746669769287109e+01 3.851475524902343750e+01 -1.242141723632812500e+00
-3.564033126831054688e+01 8.143894195556640625e+00 -2.212961912155151367e+00 -7.931437969207763672e+00 2.699826812744140625e+01 -5.538283586502075195e-01
-4.208656311035156250e+01 1.335726928710937500e+01 -2.806619405746459961e+00 -7.055458068847656250e+00 2.345370483398437500e+01 -4.130129814147949219e-01
-4.791286849975585938e+01 2.111683273315429688e+01 -3.272836685180664062e+00 -9.555889129638671875e+00 1.817505073547363281e+01 -3.920617997646331787e-01
-5.049632644653320312e+01 2.818376350402832031e+01 -3.470993041992187500e+00 -1.210532760620117188e+01 1.431833744049072266e+01 -7.773521542549133301e-01
-4.745042800903320312e+01 3.107553291320800781e+01 -3.442390441894531250e+00 -1.467655849456787109e+01 9.224373817443847656e+00 -9.579730033874511719e-01
-3.438173294067382812e+01 3.460294723510742188e+01 -3.032766103744506836e+00 -1.792683219909667969e+01 7.701220989227294922e+00 -1.374865770339965820e+00
-2.524120140075683594e+01 3.742752456665039062e+01 -2.758798360824584961e+00 -2.105523490905761719e+01 4.069565296173095703e+00 -1.129710793495178223e+00
-1.536236286163330078e+01 3.637029266357421875e+01 -2.392182588577270508e+00 -2.544628715515136719e+01 3.669140338897705078e+00 -1.211056590080261230e+00
-8.985042572021484375e+00 3.354523849487304688e+01 -1.890101313591003418e+00 -3.099243545532226562e+01 7.373206615447998047e+00 -1.020223975181579590e+00
-5.450902462005615234e+00 2.650881385803222656e+01 -1.724946260452270508e+00 -3.426926040649414062e+01 1.471064186096191406e+01 -9.828796386718750000e-01
-5.391891002655029297e+00 1.626238441467285156e+01 -7.741733193397521973e-01 -4.123269271850585938e+01 1.976097297668457031e+01 -1.828488707542419434e+00
-9.555492401123046875e+00 1.031096076965332031e+01 -7.570287585258483887e-01 -4.621086883544921875e+01 2.778134727478027344e+01 -2.174858093261718750e+00
-1.466004943847656250e+01 4.036971569061279297e+00 -5.397841930389404297e-01 -4.874610519409179688e+01 3.628374481201171875e+01 -2.315367698669433594e+00
-1.955660820007324219e+01 -2.693393267691135406e-02 -6.441499590873718262e-01 -4.716042709350585938e+01 4.227186584472656250e+01 -2.313043594360351562e+00
-2.303189468383789062e+01 -1.224488988518714905e-01 -5.891099572181701660e-01 -4.118751144409179688e+01 4.525627899169921875e+01 -2.040096521377563477e+00
-2.374657058715820312e+01 -3.400705456733703613e-01 -1.617264628410339355e+00 -2.219949150085449219e+01 4.192252349853515625e+01 -4.266214370727539062e-01
-3.094728088378906250e+01 -2.524886727333068848e-01 -1.780266046524047852e+00 -1.479569149017333984e+01 3.888799667358398438e+01 -3.422901034355163574e-01
-3.868571090698242188e+01 2.194413185119628906e+00 -2.042330503463745117e+00 -9.409137725830078125e+00 3.318036651611328125e+01 -9.334921836853027344e-03
-4.474011230468750000e+01 9.686494827270507812e+00 -2.239823818206787109e+00 -6.253740310668945312e+00 2.676923370361328125e+01 7.561516761779785156e-02
-4.849730300903320312e+01 1.536416816711425781e+01 -2.459647655487060547e+00 -5.398517131805419922e+00 1.918989372253417969e+01 -3.866598755121231079e-02
-4.728135681152343750e+01 2.826419067382812500e+01 -2.528553485870361328e+00 -7.500427246093750000e+00 8.632029533386230469e+00 2.790683746337890625e+00
-4.317339706420898438e+01 3.457040786743164062e+01 -2.609480381011962891e+00 -1.060811519622802734e+01 4.290036678314208984e+00 6.529860019683837891e+00
-3.490102767944335938e+01 3.751864624023437500e+01 -2.611565351486206055e+00 -1.341928386688232422e+01 -1.729794144630432129e-01 7.352757453918457031e+00
-2.429368209838867188e+01 3.876703262329101562e+01 -2.584454298019409180e+00 -1.597239589691162109e+01 -3.465000689029693604e-01 5.379475593566894531e+00
-1.450647449493408203e+01 3.614504623413085938e+01 -2.630295515060424805e+00 -1.905017662048339844e+01 -4.290062487125396729e-01 2.692018508911132812e+00
-7.394672393798828125e+00 2.984742927551269531e+01 -1.610177636146545410e+00 -3.326211929321289062e+01 1.232697844505310059e+00 -1.247656226158142090e+00
-8.229096412658691406e+00 2.538756561279296875e+01 -6.479110121726989746e-01 -4.130934524536132812e+01 6.459582805633544922e+00 -1.968650221824645996e+00
-6.915870189666748047e+00 1.851269531250000000e+01 1.327793836593627930e+00 -4.716332626342773438e+01 1.449193668365478516e+01 -2.198984384536743164e+00
-6.659949779510498047e+00 1.308028602600097656e+01 3.315024137496948242e+00 -4.705712890625000000e+01 2.292768859863281250e+01 -2.095814228057861328e+00
-7.160407543182373047e+00 6.275435924530029297e+00 5.223972797393798828e+00 -4.212470245361328125e+01 2.679633331298828125e+01 -2.143477678298950195e+00
-1.490031433105468750e+01 -4.926049411296844482e-01 -2.231820300221443176e-02 -3.855747222900390625e+01 4.357415390014648438e+01 -1.494681000709533691e+00
-1.443911933898925781e+01 -7.060627341270446777e-01 -1.373843401670455933e-01 -3.053999137878417969e+01 4.478594589233398438e+01 -9.814453125000000000e-01
-1.535409450531005859e+01 -8.050791025161743164e-01 -6.050969958305358887e-01 -1.895458793640136719e+01 4.168499374389648438e+01 -5.483800768852233887e-01
-1.771403121948242188e+01 -6.613859534263610840e-01 -9.145955443382263184e-01 -9.496066093444824219e+00 3.650373458862304688e+01 -1.907546967267990112e-01
-2.325712203979492188e+01 -6.344810873270034790e-02 -1.231163144111633301e+00 -5.942357063293457031e+00 2.945141601562500000e+01 -1.201101318001747131e-01
-4.336653518676757812e+01 1.313372993469238281e+01 -2.298093795776367188e+00 -8.278075218200683594e+00 1.881990051269531250e+01 -8.922491222620010376e-02
-4.736113739013671875e+01 1.859472465515136719e+01 -2.760070562362670898e+00 -7.565470218658447266e+00 1.451912689208984375e+01 2.033700942993164062e-01
-5.027635574340820312e+01 2.519892692565917969e+01 -3.036545991897583008e+00 -1.080253696441650391e+01 1.039382266998291016e+01 -1.234608665108680725e-01
-4.980803680419921875e+01 3.115899467468261719e+01 -2.964436769485473633e+00 -1.485895824432373047e+01 7.098222255706787109e+00 -4.790697246789932251e-02
-4.566470336914062500e+01 3.516144561767578125e+01 -2.720598936080932617e+00 -1.855854606628417969e+01 4.560578823089599609e+00 -1.830134391784667969e-01
-2.682902336120605469e+01 3.695341873168945312e+01 -2.051005363464355469e+00 -2.032482910156250000e+01 1.029889464378356934e+00 -6.377525329589843750e-01
-1.558438301086425781e+01 3.585462951660156250e+01 -1.968487977981567383e+00 -2.449104499816894531e+01 -1.404232680797576904e-01 -4.828550517559051514e-01
-7.705202579498291016e+00 3.269359970092773438e+01 -1.986807703971862793e+00 -3.161830711364746094e+01 1.105674147605895996e+00 -8.040553927421569824e-01
-4.748122692108154297e+00 2.561679077148437500e+01 -1.531918644905090332e+00 -4.077382278442382812e+01 7.143111705780029297e+00 -1.266512274742126465e+00
-5.495528697967529297e+00 1.866973495483398438e+01 -1.227530241012573242e+00 -4.951377487182617188e+01 1.682244682312011719e+01 -1.698318362236022949e+00
-5.422664642333984375e+00 1.002620315551757812e+01 -2.598109543323516846e-01 -4.899377822875976562e+01 2.664428138732910156e+01 -3.494444370269775391e+00
-5.714011669158935547e+00 4.523974895477294922e+00 5.502384901046752930e-02 -4.439330291748046875e+01 3.326807403564453125e+01 -3.608013153076171875e+00
-6.852805614471435547e+00 -2.989585995674133301e-01 3.159857511520385742e+00 -3.846855926513671875e+01 3.995617675781250000e+01 -3.676649570465087891e+00
-1.050543880462646484e+01 -7.010111212730407715e-01 3.339484930038452148e+00 -3.121277427673339844e+01 4.218122863769531250e+01 -3.335224866867065430e+00
-1.534341430664062500e+01 -5.069527029991149902e-01 3.033449888229370117e+00 -2.405948066711425781e+01 4.367165374755859375e+01 -3.052089452743530273e+00
-2.174553871154785156e+01 -1.719721555709838867e-01 -1.170278668403625488e+00 -1.173398399353027344e+01 3.595647048950195312e+01 -2.545300722122192383e+00
-2.828307914733886719e+01 2.002158403396606445e+00 -1.621351838111877441e+00 -6.297400474548339844e+00 2.862222671508789062e+01 -2.413018941879272461e+00
-3.773778915405273438e+01 9.650936126708984375e+00 -2.163633584976196289e+00 -5.667319297790527344e+00 2.170655441284179688e+01 -2.187269210815429688e+00
-4.552894210815429688e+01 1.760646820068359375e+01 -2.571316003799438477e+00 -8.572541236877441406e+00 1.538825321197509766e+01 -1.518828153610229492e+00
-5.053541183471679688e+01 2.772751235961914062e+01 -2.606501340866088867e+00 -1.253656101226806641e+01 9.747172355651855469e+00 -1.195176482200622559e+00
-4.360224533081054688e+01 3.819811248779296875e+01 -1.060991406440734863e+00 -1.579817390441894531e+01 5.102506160736083984e+00 -8.294555544853210449e-01
-3.561030578613281250e+01 4.139818572998046875e+01 -1.318168759346008301e+00 -1.862119865417480469e+01 2.372443675994873047e+00 -6.257604956626892090e-01
-2.679325866699218750e+01 4.129479598999023438e+01 -1.540789127349853516e+00 -2.254362487792968750e+01 -9.464705362915992737e-03 -7.368643283843994141e-01
-1.835168075561523438e+01 3.981194686889648438e+01 -1.590520262718200684e+00 -2.771439552307128906e+01 3.272107839584350586e-01 -8.318451046943664551e-01
-1.318177032470703125e+01 3.573341369628906250e+01 -1.700738787651062012e+00 -3.365385437011718750e+01 4.814025402069091797e+00 -8.962488174438476562e-01
-7.280983924865722656e+00 2.946839332580566406e+01 -9.054589271545410156e-01 -4.159098434448242188e+01 7.774522304534912109e+00 -1.170692563056945801e+00
-5.644741058349609375e+00 2.229549598693847656e+01 -5.958791375160217285e-01 -4.512076950073242188e+01 1.337113761901855469e+01 -1.604303717613220215e+00
-5.526406288146972656e+00 1.538457679748535156e+01 -8.509992063045501709e-02 -4.674522399902343750e+01 2.192264938354492188e+01 -1.778114676475524902e+00
-6.708223819732666016e+00 7.481769084930419922e+00 1.344233274459838867e+00 -4.566761398315429688e+01 2.839256668090820312e+01 -1.860188722610473633e+00
-7.912856578826904297e+00 2.440320491790771484e+00 2.637070417404174805e+00 -4.199817276000976562e+01 3.446736145019531250e+01 -1.886479973793029785e+00
-1.627764892578125000e+01 1.840616703033447266e+00 -3.840802609920501709e-01 -3.573055648803710938e+01 3.711092376708984375e+01 -1.370216012001037598e+00
-2.196076774597167969e+01 -1.475818157196044922e-01 -4.382314383983612061e-01 -3.017283630371093750e+01 3.904440307617187500e+01 -1.276340484619140625e+00
-2.848514175415039062e+01 1.375956535339355469e-01 -8.054974675178527832e-01 -2.286902046203613281e+01 3.607501983642578125e+01 -1.103799819946289062e+00
-3.365018844604492188e+01 3.775339603424072266e+00 -1.362944483757019043e+00 -1.498052501678466797e+01 3.127470397949218750e+01 -7.155356407165527344e-01
-3.655602645874023438e+01 8.834129333496093750e+00 -1.735513091087341309e+00 -9.651339530944824219e+00 2.177344131469726562e+01 -6.753119826316833496e-01
-4.491180038452148438e+01 2.524006271362304688e+01 -2.565227746963500977e+00 -1.009023857116699219e+01 1.904697799682617188e+01 3.051537513732910156e+00
-4.417705917358398438e+01 3.092700004577636719e+01 -2.636009931564331055e+00 -7.650083065032958984e+00 1.293413448333740234e+01 5.552654266357421875e+00
-3.916519546508789062e+01 3.544235229492187500e+01 -2.486461400985717773e+00 -7.026944637298583984e+00 6.392716884613037109e+00 5.060089111328125000e+00
-3.433988571166992188e+01 3.822625732421875000e+01 -2.304218530654907227e+00 -8.071353912353515625e+00 4.791558980941772461e-01 4.173433303833007812e+00
-3.132986259460449219e+01 4.223841857910156250e+01 -2.528272151947021484e+00 -1.153326702117919922e+01 -1.056267395615577698e-01 4.555843353271484375e+00
-2.055865287780761719e+01 4.099010086059570312e+01 -1.413208723068237305e+00 -2.249720001220703125e+01 -1.777399629354476929e-01 -9.225555658340454102e-01
-1.527763652801513672e+01 3.659530258178710938e+01 -1.345649600028991699e+00 -2.957312393188476562e+01 1.196883916854858398e-01 -1.359628558158874512e+00
-1.140713024139404297e+01 2.876188278198242188e+01 -8.466389775276184082e-01 -3.726026535034179688e+01 7.412152767181396484e+00 -1.596880674362182617e+00
-8.312592506408691406e+00 2.039457321166992188e+01 -5.661594271659851074e-01 -4.574697113037109375e+01 1.572174930572509766e+01 -1.844382286071777344e+00
-4.926616668701171875e+00 1.244636154174804688e+01 -1.023032441735267639e-01 -5.036584091186523438e+01 2.622429466247558594e+01 -2.035928964614868164e+00
-6.512557506561279297e+00 1.069617271423339844e-01 -5.957869887351989746e-01 -4.581773376464843750e+01 3.244194030761718750e+01 -2.243758201599121094e+00
-9.262915611267089844e+00 -5.082895755767822266e-01 -8.415192961692810059e-01 -4.019824218750000000e+01 3.713261413574218750e+01 -2.220880746841430664e+00
-1.287496948242187500e+01 -7.511501908302307129e-01 -1.432052373886108398e+00 -3.262020492553710938e+01 4.051584625244140625e+01 -1.854229211807250977e+00
-1.764420127868652344e+01 -9.624212384223937988e-01 -1.818610191345214844e+00 -2.417803764343261719e+01 4.081480789184570312e+01 -2.071338653564453125e+00
-2.406134986877441406e+01 -7.124897837638854980e-01 -2.086541891098022461e+00 -1.741592407226562500e+01 3.768724822998046875e+01 -2.168349981307983398e+00
-3.296684265136718750e+01 6.502584934234619141e+00 -2.241211652755737305e+00 -1.376412868499755859e+01 2.598049545288085938e+01 -1.547172307968139648e+00
-3.786341857910156250e+01 1.092356300354003906e+01 -2.333797216415405273e+00 -1.287847042083740234e+01 2.285508155822753906e+01 -1.559283852577209473e+00
-4.224070739746093750e+01 1.805847740173339844e+01 -2.021525859832763672e+00 -1.363478755950927734e+01 1.972365379333496094e+01 -1.294269442558288574e+00
-4.422450256347656250e+01 2.323769760131835938e+01 -1.893615126609802246e+00 -1.538557147979736328e+01 1.726513481140136719e+01 -9.908036589622497559e-01
-4.149520492553710938e+01 2.518585777282714844e+01 -1.572810530662536621e+00 -1.598116207122802734e+01 1.383490467071533203e+01 -6.328281760215759277e-01
-3.214191436767578125e+01 3.084870719909667969e+01 -1.322543025016784668e+00 -1.871824264526367188e+01 6.561469078063964844e+00 -2.161741256713867188e-02
-2.870868301391601562e+01 3.176011085510253906e+01 -1.356510639190673828e+00 -2.297354888916015625e+01 4.960234642028808594e+00 -2.615739107131958008e-01
-2.411272239685058594e+01 3.259997940063476562e+01 -1.270090222358703613e+00 -2.792374038696289062e+01 6.850929737091064453e+00 -2.717051208019256592e-01
-1.888350296020507812e+01 2.848283767700195312e+01 -1.012887358665466309e+00 -3.316671371459960938e+01 9.608515739440917969e+00 -7.041218876838684082e-01
-1.457541847229003906e+01 2.362475585937500000e+01 -7.481622099876403809e-01 -3.704566192626953125e+01 1.466842174530029297e+01 -8.539602160453796387e-01
-1.459076404571533203e+01 1.540919113159179688e+01 -3.015960156917572021e-01 -4.139124679565429688e+01 2.398054122924804688e+01 -7.520133852958679199e-01
-1.328132534027099609e+01 1.289108085632324219e+01 -2.193949967622756958e-01 -4.237253952026367188e+01 2.928020668029785156e+01 -9.339599013328552246e-01
-1.145441532135009766e+01 8.590692520141601562e+00 -1.056967973709106445e-01 -4.139044189453125000e+01 3.416221237182617188e+01 -9.300813078880310059e-01
-9.828481674194335938e+00 5.251115322113037109e+00 2.022101283073425293e-01 -3.877399826049804688e+01 3.750571823120117188e+01 -1.130107164382934570e+00
-1.017370891571044922e+01 2.562222957611083984e+00 6.436049342155456543e-01 -3.573064804077148438e+01 3.933966827392578125e+01 -1.070506334304809570e+00
-1.870571136474609375e+01 2.418543338775634766e+00 -5.622497200965881348e-01 -3.058112144470214844e+01 3.767191314697265625e+01 -7.187621593475341797e-01
-2.415180587768554688e+01 5.506313800811767578e+00 -7.147458791732788086e-01 -2.817716407775878906e+01 3.614261245727539062e+01 -7.282923460006713867e-01
-2.886501884460449219e+01 1.072729110717773438e+01 -7.848752737045288086e-01 -2.722088432312011719e+01 3.298684692382812500e+01 -5.158826112747192383e-01
-3.182386207580566406e+01 1.562582206726074219e+01 -8.264893889427185059e-01 -2.462505340576171875e+01 2.939846420288085938e+01 -3.199162483215332031e-01
-3.159209251403808594e+01 1.873476219177246094e+01 -6.468690633773803711e-01 -2.307462692260742188e+01 2.526511001586914062e+01 -1.070079356431961060e-01
-2.731082534790039062e+01 2.485303115844726562e+01 -8.137840628623962402e-01 -1.860994529724121094e+01 2.040887451171875000e+01 9.052715301513671875e-01
-3.012227439880371094e+01 2.593661117553710938e+01 -8.009155392646789551e-01 -1.849944496154785156e+01 1.981811141967773438e+01 4.327035903930664062e+00
-3.118979263305664062e+01 2.726800918579101562e+01 -1.023839235305786133e+00 -1.777142143249511719e+01 1.608745765686035156e+01 4.683765411376953125e+00
-3.072261047363281250e+01 3.058076286315917969e+01 -1.239779710769653320e+00 -1.819644546508789062e+01 1.380994510650634766e+01 3.796647548675537109e+00
-2.848243141174316406e+01 3.099149131774902344e+01 -1.591501593589782715e+00 -1.854063987731933594e+01 1.024308300018310547e+01 3.354584217071533203e+00
-2.245202064514160156e+01 2.714447402954101562e+01 -1.598834753036499023e+00 -2.610881614685058594e+01 1.305058288574218750e+01 2.869407653808593750e+00
-2.031230735778808594e+01 2.736854171752929688e+01 -1.290167570114135742e+00 -2.778757286071777344e+01 1.248506641387939453e+01 1.619396209716796875e+00
-1.649719047546386719e+01 2.654170036315917969e+01 -8.681752085685729980e-01 -2.938125038146972656e+01 1.602800750732421875e+01 -5.159607157111167908e-02
-1.374177551269531250e+01 2.234854316711425781e+01 -4.533065259456634521e-01 -3.083125305175781250e+01 1.871714019775390625e+01 -3.235216140747070312e-01
-1.152147102355957031e+01 1.873328971862792969e+01 -5.264714360237121582e-02 -3.093349266052246094e+01 2.390536880493164062e+01 -3.236766755580902100e-01
-1.314324378967285156e+01 1.545619773864746094e+01 -4.076333642005920410e-01 -3.194209098815917969e+01 2.820686531066894531e+01 -2.463778108358383179e-01
-1.305606746673583984e+01 1.258424377441406250e+01 -2.946579158306121826e-01 -3.197956848144531250e+01 2.973219299316406250e+01 -1.531195193529129028e-01
-1.196525478363037109e+01 8.922971725463867188e+00 -1.990013420581817627e-01 -3.015085411071777344e+01 3.206698989868164062e+01 -2.415677607059478760e-01
-1.158511257171630859e+01 6.307318210601806641e+00 -2.197351753711700439e-01 -2.835013389587402344e+01 3.324255752563476562e+01 -2.988953590393066406e-01
-1.335337543487548828e+01 6.359238147735595703e+00 -2.906069159507751465e-01 -2.699170303344726562e+01 3.404880523681640625e+01 -5.610074400901794434e-01
-2.276974296569824219e+01 7.627672672271728516e+00 -1.683268547058105469e+00 -2.633466911315917969e+01 3.095095443725585938e+01 -5.569055676460266113e-01
-3.011526870727539062e+01 9.001045227050781250e+00 -1.499619126319885254e+00 -2.507546043395996094e+01 3.016629600524902344e+01 -6.550249457359313965e-01
-3.476238632202148438e+01 1.296035194396972656e+01 -1.319640278816223145e+00 -2.178657341003417969e+01 2.950247192382812500e+01 -5.004580616950988770e-01
-3.707086181640625000e+01 1.594761085510253906e+01 -1.341377735137939453e+00 -1.829577445983886719e+01 2.665229606628417969e+01 -4.882516860961914062e-01
-3.625806808471679688e+01 1.976176071166992188e+01 -1.291679263114929199e+00 -1.433561992645263672e+01 2.217331886291503906e+01 -3.306964635848999023e-01
-3.532477951049804688e+01 2.637784385681152344e+01 -1.378677010536193848e+00 -1.465473079681396484e+01 1.258418846130371094e+01 -1.399473547935485840e-01
-3.501040649414062500e+01 2.767289543151855469e+01 -1.439775109291076660e+00 -1.819045829772949219e+01 1.158086967468261719e+01 5.750291347503662109e-01
-3.260378265380859375e+01 2.938064765930175781e+01 -1.373544812202453613e+00 -2.058967208862304688e+01 1.019460964202880859e+01 3.133878707885742188e-01
-2.774246025085449219e+01 2.875058937072753906e+01 -1.109944701194763184e+00 -2.256927299499511719e+01 1.033701229095458984e+01 1.253670692443847656e+00
-2.157728004455566406e+01 2.616781044006347656e+01 -9.429346919059753418e-01 -2.278336906433105469e+01 1.054937839508056641e+01 1.678056716918945312e+00
