-6.558834075927734375e+00 -1.233071327209472656e+00 -8.015343546867370605e-01 -8.070389747619628906e+00 4.161655044555664062e+01 -4.476169645786285400e-01
-1.825008201599121094e+01 -7.846115827560424805e-01 -2.269086599349975586e+00 -1.382043743133544922e+01 4.043803405761718750e+01 -6.018943190574645996e-01
-3.776274871826171875e+01 3.985161781311035156e-01 -3.484946012496948242e+00 -2.060112380981445312e+01 3.686684036254882812e+01 -5.598443150520324707e-01
-5.597158432006835938e+01 1.375269889831542969e+01 -3.870140790939331055e+00 -2.282742881774902344e+01 3.118704986572265625e+01 3.415725708007812500e+00
-6.381656646728515625e+01 2.635738563537597656e+01 -3.770718812942504883e+00 -2.092587089538574219e+01 2.442993164062500000e+01 7.291901588439941406e+00
-5.819042587280273438e+01 3.495953369140625000e+01 -9.863528609275817871e-01 -1.154752635955810547e+01 1.910790634155273438e+01 4.495896816253662109e+00
-4.093075180053710938e+01 3.940553283691406250e+01 -3.230242803692817688e-02 -4.170294284820556641e+00 1.047417831420898438e+01 5.848576068878173828e+00
-2.131065177917480469e+01 4.000207901000976562e+01 2.990430355072021484e+00 -2.761516094207763672e+00 1.017268538475036621e+00 4.448782444000244141e+00
-7.752369880676269531e+00 3.862030410766601562e+01 2.154891490936279297e+00 -7.977853298187255859e+00 -3.744656145572662354e-01 -1.187119036912918091e-01
-6.684785366058349609e+00 3.596237945556640625e+01 -1.787232905626296997e-01 -1.942875289916992188e+01 -3.120777606964111328e-01 -5.971938371658325195e-01
-1.756958580017089844e+01 3.698245239257812500e+01 -1.488705277442932129e+00 -3.399871063232421875e+01 9.577058553695678711e-01 -3.468374729156494141e+00
-2.129575729370117188e+01 3.292192840576171875e+01 -7.607473731040954590e-01 -5.052528381347656250e+01 1.324271869659423828e+01 -4.194102764129638672e+00
-1.821934509277343750e+01 2.485383415222167969e+01 3.580870389938354492e+00 -6.104706954956054688e+01 2.565326309204101562e+01 -5.248517513275146484e+00
-1.171080207824707031e+01 1.622202301025390625e+01 5.165470600128173828e+00 -6.294709014892578125e+01 3.704819107055664062e+01 -5.889303684234619141e+00
-6.500076293945312500e+00 6.461798667907714844e+00 3.817683935165405273e+00 -5.670631027221679688e+01 4.528511047363281250e+01 -5.264217376708984375e+00
-6.197557449340820312e+00 2.364825487136840820e+00 1.434550046920776367e+00 -3.576959991455078125e+01 4.861235809326171875e+01 -2.066039562225341797e+00
-3.468931198120117188e+00 -3.322691023349761963e-01 -4.790803492069244385e-01 -2.113060188293457031e+01 4.593112945556640625e+01 -1.526218771934509277e+00
-1.195670700073242188e+01 -6.241375803947448730e-01 -1.270495176315307617e+00 -1.081246757507324219e+01 4.203347396850585938e+01 -9.144600033760070801e-01
-2.375053977966308594e+01 -4.126684367656707764e-01 -1.889640450477600098e+00 -8.544178009033203125e+00 3.857749176025390625e+01 -3.336974680423736572e-01
-3.777217483520507812e+01 3.877567768096923828e+00 -2.200649023056030273e+00 -1.307513618469238281e+01 3.431723022460937500e+01 -4.733492434024810791e-01
-5.227695465087890625e+01 1.616765403747558594e+01 -3.196474313735961914e+00 -2.181969261169433594e+01 3.414449310302734375e+01 -1.982244402170181274e-01
-5.853709793090820312e+01 2.514615821838378906e+01 -2.782429456710815430e+00 -1.839632225036621094e+01 2.858168792724609375e+01 4.365032672882080078e+00
-5.542445755004882812e+01 3.546517944335937500e+01 -2.584238767623901367e+00 -1.282031536102294922e+01 2.006590270996093750e+01 6.200855731964111328e+00
-4.585543060302734375e+01 4.118857574462890625e+01 -2.133760452270507812e+00 -6.788631439208984375e+00 1.197714233398437500e+01 6.494350910186767578e+00
-3.492142105102539062e+01 4.435897064208984375e+01 -1.909946441650390625e+00 -5.244924068450927734e+00 4.141490459442138672e+00 5.263513088226318359e+00
-1.542260646820068359e+01 4.025822448730468750e+01 -1.208895683288574219e+00 -1.398403167724609375e+01 -2.351080477237701416e-01 -2.106784880161285400e-01
-1.063265609741210938e+01 3.809113693237304688e+01 -9.149284362792968750e-01 -2.460638046264648438e+01 -2.796833515167236328e-01 -1.155338883399963379e+00
-1.110876369476318359e+01 3.487207794189453125e+01 -7.261124253273010254e-01 -3.816159820556640625e+01 2.271346569061279297e+00 -1.661268234252929688e+00
-1.440744209289550781e+01 3.095890998840332031e+01 -7.879108786582946777e-01 -5.248539352416992188e+01 9.333189010620117188e+00 -2.426067829132080078e+00
-1.912491607666015625e+01 2.443937492370605469e+01 -6.636406779289245605e-01 -6.200785446166992188e+01 1.959766960144042969e+01 -2.929659843444824219e+00
-1.854018783569335938e+01 1.462547111511230469e+01 2.853171110153198242e+00 -5.798322296142578125e+01 3.300196838378906250e+01 -2.927445173263549805e+00
-1.087913131713867188e+01 6.620515346527099609e+00 3.348540067672729492e+00 -4.897697067260742188e+01 4.088605880737304688e+01 -2.830481052398681641e+00
-6.492461681365966797e+00 -2.562412917613983154e-01 7.931239008903503418e-01 -3.502181243896484375e+01 4.415756988525390625e+01 -2.123496055603027344e+00
-6.721044063568115234e+00 -7.137470841407775879e-01 -3.574818968772888184e-01 -2.001326179504394531e+01 4.446158981323242188e+01 -1.505894541740417480e+00
-1.115012454986572266e+01 -8.613586425781250000e-01 -8.942902684211730957e-01 -9.907684326171875000e+00 4.072434234619140625e+01 -1.350193858146667480e+00
-3.032768249511718750e+01 6.818947792053222656e-01 -1.334920763969421387e+00 -9.933173179626464844e+00 3.617486953735351562e+01 -3.719209134578704834e-01
-4.276180648803710938e+01 5.685497760772705078e+00 -2.293630599975585938e+00 -1.082741737365722656e+01 3.432850265502929688e+01 -1.279044151306152344e-02
-5.580261230468750000e+01 1.353851890563964844e+01 -3.407118320465087891e+00 -1.217322731018066406e+01 2.940796279907226562e+01 2.966610908508300781e+00
-6.484967041015625000e+01 2.352358436584472656e+01 -3.674680471420288086e+00 -1.290170478820800781e+01 2.372199630737304688e+01 4.047588825225830078e+00
-6.566838836669921875e+01 3.272977828979492188e+01 -3.568930149078369141e+00 -1.276985359191894531e+01 1.676963233947753906e+01 6.266844749450683594e+00
-4.442421722412109375e+01 4.166098022460937500e+01 -2.992511987686157227e+00 -6.725883483886718750e+00 3.175338268280029297e+00 5.293228149414062500e+00
-3.096858215332031250e+01 4.415654754638671875e+01 -2.639241933822631836e+00 -6.049711227416992188e+00 -4.477650225162506104e-01 7.421710014343261719e+00
-1.901324081420898438e+01 4.464058685302734375e+01 -2.862320899963378906e+00 -1.005961799621582031e+01 -8.986653685569763184e-01 2.634176731109619141e+00
-1.313480377197265625e+01 4.071278381347656250e+01 -2.634324550628662109e+00 -1.903129196166992188e+01 -8.205395936965942383e-01 -4.616658687591552734e-01
-1.341809844970703125e+01 3.650415039062500000e+01 -2.715676307678222656e+00 -3.211272811889648438e+01 -2.501671314239501953e-01 -1.036785125732421875e+00
-1.978706169128417969e+01 3.268754959106445312e+01 -7.013974785804748535e-01 -5.676290893554687500e+01 6.206687450408935547e+00 -2.637146711349487305e+00
-1.521269226074218750e+01 2.490461540222167969e+01 -5.948053002357482910e-01 -6.415660858154296875e+01 1.928916358947753906e+01 -2.568643808364868164e+00
-1.244535923004150391e+01 1.416197204589843750e+01 -1.425984501838684082e-02 -6.187592315673828125e+01 3.244934463500976562e+01 -2.674412012100219727e+00
-9.707212448120117188e+00 4.542052745819091797e+00 4.007540225982666016e+00 -5.470741653442382812e+01 4.188080596923828125e+01 -2.245777368545532227e+00
-1.099817276000976562e+01 -2.680560648441314697e-01 3.568388700485229492e+00 -4.412797927856445312e+01 4.969149017333984375e+01 -1.740790009498596191e+00
-1.436395549774169922e+01 -1.072833657264709473e+00 -2.343629151582717896e-01 -1.890718460083007812e+01 4.877021789550781250e+01 -3.442087769508361816e-01
-1.998526382446289062e+01 -1.202443003654479980e+00 -6.079980731010437012e-01 -1.012751388549804688e+01 4.699395751953125000e+01 -2.841663360595703125e-01
-2.837920188903808594e+01 -8.855299353599548340e-01 -1.028358340263366699e+00 -6.347338199615478516e+00 4.421899414062500000e+01 -9.204683452844619751e-02
-3.852764129638671875e+01 -3.868473470211029053e-01 -1.439082264900207520e+00 -5.459468841552734375e+00 4.012099456787109375e+01 -1.266209632158279419e-01
-4.502428436279296875e+01 2.543450832366943359e+00 -1.455847501754760742e+00 -4.515264034271240234e+00 3.432441711425781250e+01 -3.307051658630371094e-01
-5.374274826049804688e+01 1.625271797180175781e+01 -1.950786948204040527e+00 -1.060957813262939453e+01 2.354895973205566406e+01 -9.937394261360168457e-01
-5.497787475585937500e+01 2.852502822875976562e+01 -1.823672533035278320e+00 -1.090619277954101562e+01 1.507943630218505859e+01 -5.777150392532348633e-01
-4.688189697265625000e+01 3.729460144042968750e+01 -1.353507518768310547e+00 -1.075736522674560547e+01 6.925151348114013672e+00 -3.721466958522796631e-01
-3.393815994262695312e+01 4.328475952148437500e+01 -8.675627708435058594e-01 -1.074684047698974609e+01 9.981988668441772461e-01 1.871425628662109375e+00
-2.035416984558105469e+01 4.381520080566406250e+01 -7.097627520561218262e-01 -1.177075767517089844e+01 -1.629835814237594604e-01 4.800065040588378906e+00
-9.912102699279785156e+00 3.713096237182617188e+01 -1.512748599052429199e+00 -3.044544410705566406e+01 1.322766661643981934e+00 -1.030109643936157227e+00
-5.791823863983154297e+00 3.210282516479492188e+01 -1.107026219367980957e+00 -3.769510269165039062e+01 5.962401866912841797e+00 -1.956215739250183105e+00
-4.369838714599609375e+00 2.591719436645507812e+01 -4.418391883373260498e-01 -4.372687911987304688e+01 1.397497177124023438e+01 -2.565705776214599609e+00
-5.162581920623779297e+00 1.997644424438476562e+01 -3.793891370296478271e-01 -4.802309799194335938e+01 2.089551544189453125e+01 -2.989999294281005859e+00
-6.527053356170654297e+00 1.365633964538574219e+01 -2.424143999814987183e-01 -4.991167449951171875e+01 2.874370574951171875e+01 -3.088004827499389648e+00
-1.274482250213623047e+01 2.970180988311767578e+00 -4.460031092166900635e-01 -4.686592102050781250e+01 3.893150711059570312e+01 -1.452991604804992676e+00
-1.537099456787109375e+01 -1.316005289554595947e-01 -3.367104828357696533e-01 -3.984478378295898438e+01 4.416368103027343750e+01 -1.469321131706237793e+00
-2.091133880615234375e+01 -4.499625861644744873e-01 -5.271014571189880371e-01 -3.022127151489257812e+01 4.617661285400390625e+01 -1.260130405426025391e+00
-2.561579704284667969e+01 -3.922368586063385010e-01 -7.018169164657592773e-01 -2.096775054931640625e+01 4.451028442382812500e+01 -1.255791664123535156e+00
-3.009857559204101562e+01 -1.474032849073410034e-01 -1.027497410774230957e+00 -1.488313198089599609e+01 4.131016540527343750e+01 -1.241411447525024414e+00
-3.720270919799804688e+01 1.045947647094726562e+01 -2.244451045989990234e+00 -8.552815437316894531e+00 2.955685997009277344e+01 -4.574627876281738281e-01
-4.356500244140625000e+01 1.592519950866699219e+01 -2.854632139205932617e+00 -7.751724243164062500e+00 2.571574020385742188e+01 -3.013629913330078125e-01
-4.931095886230468750e+01 2.408754730224609375e+01 -3.342846632003784180e+00 -1.049800682067871094e+01 1.991573715209960938e+01 -2.831672728061676025e-01
-5.174304962158203125e+01 3.148184394836425781e+01 -3.556830167770385742e+00 -1.337438488006591797e+01 1.584650135040283203e+01 -7.149602770805358887e-01
-4.846403121948242188e+01 3.417636108398437500e+01 -3.537248611450195312e+00 -1.635885620117187500e+01 1.046380710601806641e+01 -9.310532808303833008e-01
-3.533298873901367188e+01 3.737924575805664062e+01 -3.137323856353759766e+00 -1.999666786193847656e+01 9.304064750671386719e+00 -1.404010176658630371e+00
-2.624060440063476562e+01 4.037406539916992188e+01 -2.865257263183593750e+00 -2.334472465515136719e+01 5.560402393341064453e+00 -1.158382654190063477e+00
-1.631282234191894531e+01 3.934168243408203125e+01 -2.479286909103393555e+00 -2.804209899902343750e+01 5.385630130767822266e+00 -1.243721246719360352e+00
-9.929404258728027344e+00 3.644559860229492188e+01 -1.941738128662109375e+00 -3.382229614257812500e+01 9.376118659973144531e+00 -1.015971422195434570e+00
-6.197324275970458984e+00 2.927300834655761719e+01 -1.750496745109558105e+00 -3.699251174926757812e+01 1.714035606384277344e+01 -9.545259475708007812e-01
-5.930223941802978516e+00 1.877051544189453125e+01 -7.349267601966857910e-01 -4.384099960327148438e+01 2.209867286682128906e+01 -1.854780793190002441e+00
-1.049401378631591797e+01 1.234718132019042969e+01 -7.133210897445678711e-01 -4.897161102294921875e+01 3.066740798950195312e+01 -2.216156244277954102e+00
-1.599141597747802734e+01 5.616080760955810547e+00 -4.772841930389404297e-01 -5.145786285400390625e+01 3.967136764526367188e+01 -2.364174604415893555e+00
-2.122242736816406250e+01 1.056714773178100586e+00 -5.938693881034851074e-01 -4.957855224609375000e+01 4.592575836181640625e+01 -2.348350048065185547e+00
-2.495750236511230469e+01 2.062261104583740234e-01 -5.409139394760131836e-01 -4.310908889770507812e+01 4.893537139892578125e+01 -2.057471752166748047e+00
-2.564988708496093750e+01 -1.918781846761703491e-01 -1.642401099205017090e+00 -2.320793342590332031e+01 4.491996002197265625e+01 -3.786348402500152588e-01
-3.311847305297851562e+01 -1.038809344172477722e-01 -1.801609277725219727e+00 -1.556068420410156250e+01 4.179308700561523438e+01 -2.996354997158050537e-01
-4.112125778198242188e+01 3.875569820404052734e+00 -2.059718847274780273e+00 -9.966936111450195312e+00 3.592651748657226562e+01 4.791153669357299805e-01
-4.734531784057617188e+01 1.163074493408203125e+01 -2.253978252410888672e+00 -6.659307003021240234e+00 2.932077026367187500e+01 6.062320470809936523e-01
-5.119771194458007812e+01 1.736869621276855469e+01 -2.476263761520385742e+00 -5.703705787658691406e+00 2.150209999084472656e+01 1.082205772399902344e-01
-4.975178146362304688e+01 3.076643180847167969e+01 -2.563134670257568359e+00 -7.941735744476318359e+00 1.063881206512451172e+01 3.289679527282714844e+00
-4.531491088867187500e+01 3.733301925659179688e+01 -2.642636775970458984e+00 -1.131167602539062500e+01 6.211885929107666016e+00 7.136590003967285156e+00
-3.654906082153320312e+01 4.027233123779296875e+01 -2.645779371261596680e+00 -1.435427379608154297e+01 1.317155361175537109e-02 7.956661224365234375e+00
-2.542008018493652344e+01 4.149323272705078125e+01 -2.618118047714233398e+00 -1.704914474487304688e+01 -1.666666716337203979e-01 5.736314773559570312e+00
-1.516475200653076172e+01 3.862869262695312500e+01 -2.667563199996948242e+00 -2.023583412170410156e+01 -2.428417652845382690e-01 2.843964576721191406e+00
-7.724137306213378906e+00 3.200519180297851562e+01 -1.615811347961425781e+00 -3.488549423217773438e+01 3.399995326995849609e+00 -1.309144377708435059e+00
-8.653150558471679688e+00 2.735846138000488281e+01 -6.037423610687255859e-01 -4.319919586181640625e+01 8.695822715759277344e+00 -2.058758974075317383e+00
-7.360242366790771484e+00 2.025800132751464844e+01 2.063055753707885742e+00 -4.932237625122070312e+01 1.680377769470214844e+01 -2.292262315750122070e+00
-7.181800365447998047e+00 1.477139472961425781e+01 3.957722425460815430e+00 -4.925839614868164062e+01 2.546238327026367188e+01 -2.175821065902709961e+00
-7.824448585510253906e+00 7.757313251495361328e+00 5.839512348175048828e+00 -4.419769287109375000e+01 2.922701454162597656e+01 -2.230163335800170898e+00
-1.576300716400146484e+01 -3.697164058685302734e-01 1.579481959342956543e-01 -4.074468231201171875e+01 4.648267745971679688e+01 -1.528905034065246582e+00
-1.492601490020751953e+01 -6.056023240089416504e-01 -1.038476228713989258e-01 -3.235491561889648438e+01 4.785292053222656250e+01 -9.882929921150207520e-01
-1.559455108642578125e+01 -7.318114042282104492e-01 -5.938131213188171387e-01 -2.014766502380371094e+01 4.477344512939453125e+01 -5.370509028434753418e-01
-1.792739486694335938e+01 -6.079060435295104980e-01 -9.126294255256652832e-01 -1.021886348724365234e+01 3.948326492309570312e+01 -1.778476685285568237e-01
-2.377716064453125000e+01 2.126574516296386719e-02 -1.244054198265075684e+00 -6.551992893218994141e+00 3.234897613525390625e+01 -1.124625205993652344e-01
-4.527664566040039062e+01 1.438440132141113281e+01 -2.389640331268310547e+00 -9.041265487670898438e+00 2.142395973205566406e+01 -6.278639286756515503e-02
-4.966691207885742188e+01 2.021613311767578125e+01 -2.886054754257202148e+00 -8.238035202026367188e+00 1.685434722900390625e+01 5.667915344238281250e-01
-5.290827178955078125e+01 2.729842567443847656e+01 -3.183974266052246094e+00 -1.166325378417968750e+01 1.245673656463623047e+01 -9.521484375000000000e-02
-5.251673507690429688e+01 3.370161437988281250e+01 -3.108855247497558594e+00 -1.596524810791015625e+01 8.922145843505859375e+00 -1.625776290893554688e-02
-4.814085388183593750e+01 3.804977035522460938e+01 -2.847788095474243164e+00 -1.988502311706542969e+01 6.142642498016357422e+00 -1.591615676879882812e-01
-2.820345115661621094e+01 3.996380996704101562e+01 -2.110864400863647461e+00 -2.149044990539550781e+01 2.470777034759521484e+00 -6.597153544425964355e-01
-1.637969970703125000e+01 3.885157012939453125e+01 -2.028806209564208984e+00 -2.567953300476074219e+01 -1.938806846737861633e-02 -4.886239171028137207e-01
-8.109953880310058594e+00 3.556049728393554688e+01 -2.051409244537353516e+00 -3.306188964843750000e+01 2.301343441009521484e+00 -8.189845085144042969e-01
-5.027559757232666016e+00 2.819810295104980469e+01 -1.582968473434448242e+00 -4.263649749755859375e+01 8.519074440002441406e+00 -1.286202549934387207e+00
-5.878621578216552734e+00 2.105857658386230469e+01 -1.268386244773864746e+00 -5.184968185424804688e+01 1.854055404663085938e+01 -1.731710433959960938e+00
-5.639060497283935547e+00 1.213419914245605469e+01 -2.566600143909454346e-01 -5.173932647705078125e+01 2.878693580627441406e+01 -3.618200063705444336e+00
-5.639380931854248047e+00 6.316350460052490234e+00 4.237734675407409668e-01 -4.706450653076171875e+01 3.576893234252929688e+01 -3.743232011795043945e+00
-6.523087501525878906e+00 -1.651646196842193604e-01 3.749054670333862305e+00 -4.097486114501953125e+01 4.290333175659179688e+01 -3.823998212814331055e+00
-1.012515354156494141e+01 -6.121135354042053223e-01 4.061735630035400391e+00 -3.346427536010742188e+01 4.541963958740234375e+01 -3.489225149154663086e+00
-1.507235240936279297e+01 -4.388251006603240967e-01 3.836310148239135742e+00 -2.606520080566406250e+01 4.717774200439453125e+01 -3.211507081985473633e+00
-2.219522285461425781e+01 -1.195322275161743164e-01 -1.169084787368774414e+00 -1.279092884063720703e+01 3.936767578125000000e+01 -2.699968814849853516e+00
-2.932733535766601562e+01 2.974874973297119141e+00 -1.661490797996520996e+00 -6.851638793945312500e+00 3.144052886962890625e+01 -2.543994665145874023e+00
-3.941340637207031250e+01 1.130317115783691406e+01 -2.236263036727905273e+00 -5.972877502441406250e+00 2.385843086242675781e+01 -2.288456678390502930e+00
-4.759937667846679688e+01 2.000094604492187500e+01 -2.672130823135375977e+00 -8.890059471130371094e+00 1.685548782348632812e+01 -1.551495909690856934e+00
-5.279566574096679688e+01 3.100189018249511719e+01 -2.717826604843139648e+00 -1.299605560302734375e+01 1.066126155853271484e+01 -1.185160517692565918e+00
-4.511867904663085938e+01 4.197111129760742188e+01 -1.054619312286376953e+00 -1.652007102966308594e+01 5.862950801849365234e+00 -7.784008383750915527e-01
-3.688987350463867188e+01 4.518820953369140625e+01 -1.339638590812683105e+00 -1.969524192810058594e+01 3.115449428558349609e+00 -5.775426030158996582e-01
-2.803138160705566406e+01 4.495666122436523438e+01 -1.577836751937866211e+00 -2.404834365844726562e+01 6.881746053695678711e-01 -6.989606022834777832e-01
-1.959398460388183594e+01 4.340731430053710938e+01 -1.634916186332702637e+00 -2.964915466308593750e+01 1.260692000389099121e+00 -8.015612959861755371e-01
-1.446985912322998047e+01 3.923054885864257812e+01 -1.752572894096374512e+00 -3.590596008300781250e+01 6.091940402984619141e+00 -8.645014762878417969e-01
-8.355538368225097656e+00 3.317552185058593750e+01 -9.041604399681091309e-01 -4.425262069702148438e+01 8.715165138244628906e+00 -1.143540978431701660e+00
-6.390664100646972656e+00 2.563762474060058594e+01 -5.630918145179748535e-01 -4.793429946899414062e+01 1.460593605041503906e+01 -1.598298907279968262e+00
-5.876949310302734375e+00 1.835395240783691406e+01 -1.757958531379699707e-02 -4.954566955566406250e+01 2.368628692626953125e+01 -1.782754540443420410e+00
-6.756960391998291016e+00 9.855619430541992188e+00 2.242634534835815430e+00 -4.830086135864257812e+01 3.056641006469726562e+01 -1.865677118301391602e+00
-7.798415660858154297e+00 4.307778835296630859e+00 3.648506879806518555e+00 -4.435692977905273438e+01 3.709592437744140625e+01 -1.893062472343444824e+00
-1.700456809997558594e+01 3.498626708984375000e+00 -3.291947543621063232e-01 -3.795739746093750000e+01 4.042992019653320312e+01 -1.324142456054687500e+00
-2.309545898437500000e+01 2.950863838195800781e-01 -3.891528546810150146e-01 -3.223876571655273438e+01 4.220628356933593750e+01 -1.218268275260925293e+00
-3.000463867187500000e+01 2.387665271759033203e+00 -7.878264784812927246e-01 -2.469947242736816406e+01 3.866488647460937500e+01 -1.036121368408203125e+00
-3.531608200073242188e+01 6.548275470733642578e+00 -1.388965129852294922e+00 -1.658238220214843750e+01 3.339491271972656250e+01 -6.327216029167175293e-01
-3.809247589111328125e+01 1.185584640502929688e+01 -1.786712646484375000e+00 -1.117615032196044922e+01 2.310491180419921875e+01 -5.946337580680847168e-01
-4.603671646118164062e+01 2.898227691650390625e+01 -2.612292766571044922e+00 -1.211762905120849609e+01 2.026937294006347656e+01 4.485071182250976562e+00
-4.480156707763671875e+01 3.442486572265625000e+01 -2.666986227035522461e+00 -9.687247276306152344e+00 1.420989513397216797e+01 6.969432830810546875e+00
-3.929583358764648438e+01 3.856959533691406250e+01 -2.493854045867919922e+00 -9.106635093688964844e+00 7.805808544158935547e+00 6.281553268432617188e+00
-3.432604980468750000e+01 4.097471618652343750e+01 -2.292032957077026367e+00 -1.023506927490234375e+01 1.989180922508239746e+00 5.157354354858398438e+00
-3.156387329101562500e+01 4.486843872070312500e+01 -2.527763605117797852e+00 -1.386256122589111328e+01 8.162549734115600586e-01 5.383459091186523438e+00
-2.112095451354980469e+01 4.316948699951171875e+01 -1.373471379280090332e+00 -2.500652313232421875e+01 6.218990087509155273e-01 -9.564332365989685059e-01
-1.585712909698486328e+01 3.859606170654296875e+01 -1.307875394821166992e+00 -3.224024200439453125e+01 2.595948696136474609e+00 -1.409917712211608887e+00
-1.197064018249511719e+01 3.046524620056152344e+01 -7.899068593978881836e-01 -4.011108016967773438e+01 1.002854728698730469e+01 -1.649851202964782715e+00
-8.763810157775878906e+00 2.191886329650878906e+01 -5.112742781639099121e-01 -4.883721160888671875e+01 1.852527999877929688e+01 -1.901789069175720215e+00
-5.170667171478271484e+00 1.376943588256835938e+01 -3.481496125459671021e-02 -5.354163360595703125e+01 2.918099975585937500e+01 -2.096850633621215820e+00
-7.032868385314941406e+00 8.527922630310058594e-01 -5.922551751136779785e-01 -4.840129852294921875e+01 3.531876373291015625e+01 -2.342399358749389648e+00
-1.022883987426757812e+01 -4.728238582611083984e-01 -8.648190498352050781e-01 -4.210739517211914062e+01 4.032346343994140625e+01 -2.318000316619873047e+00
-1.433332824707031250e+01 -7.349689006805419922e-01 -1.497921824455261230e+00 -3.374417495727539062e+01 4.399495697021484375e+01 -1.918942451477050781e+00
-1.962774467468261719e+01 -9.557325243949890137e-01 -1.914528131484985352e+00 -2.450944328308105469e+01 4.418090438842773438e+01 -2.130653142929077148e+00
-2.660011291503906250e+01 -6.534579992294311523e-01 -2.200226068496704102e+00 -1.715278816223144531e+01 4.074788284301757812e+01 -2.223053216934204102e+00
-3.591760635375976562e+01 8.699026107788085938e+00 -2.368940114974975586e+00 -1.332882404327392578e+01 2.737342643737792969e+01 -1.567030668258666992e+00
-4.097959518432617188e+01 1.346428489685058594e+01 -2.458157777786254883e+00 -1.257743167877197266e+01 2.402737617492675781e+01 -1.581512451171875000e+00
-4.546451950073242188e+01 2.110226440429687500e+01 -2.116173267364501953e+00 -1.360422706604003906e+01 2.072203445434570312e+01 -1.312114596366882324e+00
-4.740279769897460938e+01 2.653784370422363281e+01 -1.967854738235473633e+00 -1.564609050750732422e+01 1.823454475402832031e+01 -9.982078671455383301e-01
-4.435593795776367188e+01 2.835439300537109375e+01 -1.620425820350646973e+00 -1.640748977661132812e+01 1.474444484710693359e+01 -6.233458518981933594e-01
-3.401429748535156250e+01 3.396020507812500000e+01 -1.349568128585815430e+00 -1.973191452026367188e+01 7.557302951812744141e+00 2.714247703552246094e-01
-3.011653709411621094e+01 3.492404937744140625e+01 -1.374159932136535645e+00 -2.463648223876953125e+01 5.790695667266845703e+00 -2.364732027053833008e-01
-2.496696281433105469e+01 3.577037811279296875e+01 -1.267621159553527832e+00 -3.024989891052246094e+01 7.884988307952880859e+00 -2.529864609241485596e-01
-1.918236923217773438e+01 3.120698356628417969e+01 -9.808531999588012695e-01 -3.610309219360351562e+01 1.104999065399169922e+01 -7.137568593025207520e-01
-1.444422149658203125e+01 2.569686698913574219e+01 -6.867362856864929199e-01 -4.035472106933593750e+01 1.671203422546386719e+01 -8.803295493125915527e-01
-1.433202362060546875e+01 1.608496475219726562e+01 -1.891629546880722046e-01 -4.491445541381835938e+01 2.756389236450195312e+01 -7.697679400444030762e-01
-1.282858753204345703e+01 1.324831199645996094e+01 -9.697774052619934082e-02 -4.576623153686523438e+01 3.325153732299804688e+01 -9.603995680809020996e-01
-1.090812301635742188e+01 8.533948898315429688e+00 8.389919996261596680e-02 -4.453103256225585938e+01 3.829774856567382812e+01 -9.488813281059265137e-01
-9.331584930419921875e+00 5.038000583648681641e+00 1.188839673995971680e+00 -4.163454818725585938e+01 4.172676086425781250e+01 -1.164718627929687500e+00
-9.994426727294921875e+00 2.322653293609619141e+00 1.472815275192260742e+00 -3.841102218627929688e+01 4.342796707153320312e+01 -1.110339164733886719e+00
-1.988491630554199219e+01 2.746958255767822266e+00 -5.538270473480224609e-01 -3.291072463989257812e+01 4.129461669921875000e+01 -7.331567406654357910e-01
-2.599822425842285156e+01 6.327708721160888672e+00 -7.280097603797912598e-01 -3.021282005310058594e+01 3.958156585693359375e+01 -7.270302176475524902e-01
-3.115742874145507812e+01 1.217949295043945312e+01 -8.046321272850036621e-01 -2.900429344177246094e+01 3.607659912109375000e+01 -4.953021109104156494e-01
-3.426238632202148438e+01 1.767025375366210938e+01 -8.338427543640136719e-01 -2.607753562927246094e+01 3.203113555908203125e+01 -2.835441529750823975e-01
-3.379486083984375000e+01 2.119437599182128906e+01 -6.377624273300170898e-01 -2.430544853210449219e+01 2.747857856750488281e+01 -4.581103473901748657e-02
-2.897234535217285156e+01 2.799725151062011719e+01 -8.075019717216491699e-01 -1.965417289733886719e+01 2.198834800720214844e+01 1.671988248825073242e+00
-3.192361831665039062e+01 2.917992782592773438e+01 -7.887684702873229980e-01 -1.967529106140136719e+01 2.127525138854980469e+01 5.236983299255371094e+00
-3.300199508666992188e+01 3.065046501159667969e+01 -1.019055604934692383e+00 -1.907219505310058594e+01 1.728665351867675781e+01 5.587035179138183594e+00
-3.242173385620117188e+01 3.415214538574218750e+01 -1.248364329338073730e+00 -1.967247390747070312e+01 1.492242717742919922e+01 4.647960662841796875e+00
-2.991732215881347656e+01 3.444947814941406250e+01 -1.619154810905456543e+00 -2.012047195434570312e+01 1.119116878509521484e+01 4.157326698303222656e+00
-2.323935508728027344e+01 2.984078025817871094e+01 -1.614121437072753906e+00 -2.808562660217285156e+01 1.447506427764892578e+01 3.595144271850585938e+00
-2.090034866333007812e+01 2.987981224060058594e+01 -1.281405925750732422e+00 -2.977206802368164062e+01 1.398521327972412109e+01 2.244762420654296875e+00
-1.688474082946777344e+01 2.881273078918457031e+01 -8.385825157165527344e-01 -3.138584327697753906e+01 1.778090095520019531e+01 -5.072593688964843750e-03
-1.408950042724609375e+01 2.430045509338378906e+01 -4.102738797664642334e-01 -3.285763168334960938e+01 2.065382957458496094e+01 -2.970462739467620850e-01
-1.195459842681884766e+01 2.047867393493652344e+01 4.020375013351440430e-02 -3.295325088500976562e+01 2.610323905944824219e+01 -3.034170269966125488e-01
-1.396963214874267578e+01 1.712689781188964844e+01 -4.062004685401916504e-01 -3.397948837280273438e+01 3.044226455688476562e+01 -2.215042561292648315e-01
-1.396502971649169922e+01 1.409934425354003906e+01 -2.915787100791931152e-01 -3.397544479370117188e+01 3.206052017211914062e+01 -1.205347552895545959e-01
-1.288629817962646484e+01 1.023826980590820312e+01 -1.909810304641723633e-01 -3.201508331298828125e+01 3.454397583007812500e+01 -2.125318497419357300e-01
-1.254933166503906250e+01 7.509770870208740234e+00 -2.117419540882110596e-01 -3.007961082458496094e+01 3.577554702758789062e+01 -2.682926356792449951e-01
-1.443458843231201172e+01 7.633157253265380859e+00 -2.843357324600219727e-01 -2.859056091308593750e+01 3.661324691772460938e+01 -5.424156188964843750e-01
-2.470094490051269531e+01 9.084976196289062500e+00 -1.761820197105407715e+00 -2.782437133789062500e+01 3.328017425537109375e+01 -5.401030182838439941e-01
-3.271583175659179688e+01 1.061676788330078125e+01 -1.566476345062255859e+00 -2.647064590454101562e+01 3.240549468994140625e+01 -6.450143456459045410e-01
-3.775623703002929688e+01 1.495621299743652344e+01 -1.373221278190612793e+00 -2.293655967712402344e+01 3.161357498168945312e+01 -4.739706218242645264e-01
-4.019807434082031250e+01 1.827161979675292969e+01 -1.400265812873840332e+00 -1.914053153991699219e+01 2.848052787780761719e+01 -4.491202533245086670e-01
-3.922041320800781250e+01 2.240160369873046875e+01 -1.347882390022277832e+00 -1.481511211395263672e+01 2.356565666198730469e+01 -2.737370133399963379e-01
-3.765002441406250000e+01 2.945179176330566406e+01 -1.432496309280395508e+00 -1.516342353820800781e+01 1.306983661651611328e+01 -7.236850261688232422e-02
-3.699807739257812500e+01 3.057168769836425781e+01 -1.481133222579956055e+00 -1.895261573791503906e+01 1.203534793853759766e+01 1.286231517791748047e+00
-3.426559829711914062e+01 3.212149047851562500e+01 -1.404234528541564941e+00 -2.159997749328613281e+01 1.061696910858154297e+01 9.035997390747070312e-01
-2.911256790161132812e+01 3.123641777038574219e+01 -1.130120635032653809e+00 -2.384004402160644531e+01 1.091462039947509766e+01 1.783472537994384766e+00
-2.273732185363769531e+01 2.825764465332031250e+01 -9.593748450279235840e-01 -2.421644783020019531e+01 1.126508235931396484e+01 2.047851562500000000e+00
