-7.018363952636718750e+00 -1.273343324661254883e+00 -8.248044252395629883e-01 -8.754033088684082031e+00 4.390745544433593750e+01 -4.740915894508361816e-01
-1.943641281127929688e+01 -7.944031953811645508e-01 -2.379548788070678711e+00 -1.509131526947021484e+01 4.285768890380859375e+01 -6.470974683761596680e-01
-4.009719848632812500e+01 7.722582817077636719e-01 -3.660275220870971680e+00 -2.239386749267578125e+01 3.938302612304687500e+01 -6.058127284049987793e-01
-5.933002471923828125e+01 1.477749061584472656e+01 -4.050498485565185547e+00 -2.472331428527832031e+01 3.357360076904296875e+01 3.454137325286865234e+00
-6.754221343994140625e+01 2.801308250427246094e+01 -3.930420637130737305e+00 -2.255045700073242188e+01 2.666007232666015625e+01 7.674139022827148438e+00
-6.139499664306640625e+01 3.709226989746093750e+01 -9.732573628425598145e-01 -1.229358291625976562e+01 2.118338012695312500e+01 4.963006019592285156e+00
-4.302452850341796875e+01 4.181671524047851562e+01 3.565735220909118652e-01 -4.367784023284912109e+00 1.197250270843505859e+01 6.478700637817382812e+00
-2.214130210876464844e+01 4.246241378784179688e+01 3.838213682174682617e+00 -2.783678770065307617e+00 1.870904326438903809e+00 5.015023231506347656e+00
-7.695868968963623047e+00 4.099087905883789062e+01 2.957623004913330078e+00 -8.296402931213378906e+00 -3.224575519561767578e-01 -1.029246821999549866e-01
-6.531571388244628906e+00 3.816336441040039062e+01 -1.243735775351524353e-01 -2.049178123474121094e+01 -2.592497467994689941e-01 -6.182281374931335449e-01
-1.841542053222656250e+01 3.921202087402343750e+01 -1.501515507698059082e+00 -3.584635162353515625e+01 1.830430388450622559e+00 -3.646774291992187500e+00
-2.267790603637695312e+01 3.506861114501953125e+01 -7.437295913696289062e-01 -5.303413772583007812e+01 1.476661777496337891e+01 -4.406921386718750000e+00
-1.965033912658691406e+01 2.670032310485839844e+01 4.360643386840820312e+00 -6.389910507202148438e+01 2.783770179748535156e+01 -5.515619754791259766e+00
-1.285326290130615234e+01 1.773046112060546875e+01 6.062110900878906250e+00 -6.572220611572265625e+01 3.970616912841796875e+01 -6.195252895355224609e+00
-7.265865325927734375e+00 7.685986042022705078e+00 4.636727809906005859e+00 -5.904529953002929688e+01 4.827806091308593750e+01 -5.525650024414062500e+00
-6.616117000579833984e+00 3.854150295257568359e+00 2.010727643966674805e+00 -3.693886566162109375e+01 5.142387390136718750e+01 -2.140079975128173828e+00
-3.701095342636108398e+00 -2.044789344072341919e-01 -4.748798012733459473e-01 -2.161761474609375000e+01 4.853659439086914062e+01 -1.569320082664489746e+00
-1.266183567047119141e+01 -5.047627687454223633e-01 -1.319544196128845215e+00 -1.088332939147949219e+01 4.443984603881835938e+01 -9.188731312751770020e-01
-2.510984420776367188e+01 -2.812461256980895996e-01 -1.972348093986511230e+00 -8.618282318115234375e+00 4.081521987915039062e+01 -2.890962064266204834e-01
-3.989647293090820312e+01 5.715066432952880859e+00 -2.291170597076416016e+00 -1.347152996063232422e+01 3.641096878051757812e+01 -4.253688454627990723e-01
-5.489654159545898438e+01 1.879696083068847656e+01 -3.311979770660400391e+00 -2.299551582336425781e+01 3.617780685424804688e+01 -1.267458647489547729e-01
-6.125969314575195312e+01 2.822695159912109375e+01 -2.865702629089355469e+00 -1.967206573486328125e+01 3.035765457153320312e+01 5.354975223541259766e+00
-5.773689651489257812e+01 3.896738815307617188e+01 -2.640252828598022461e+00 -1.401586818695068359e+01 2.162337112426757812e+01 7.214365005493164062e+00
-4.746186447143554688e+01 4.472090148925781250e+01 -2.147926568984985352e+00 -7.823608398437500000e+00 1.337401580810546875e+01 7.511165618896484375e+00
-3.585846328735351562e+01 4.781276321411132812e+01 -1.899698853492736816e+00 -6.251513957977294922e+00 5.480921268463134766e+00 6.210293292999267578e+00
-1.530277729034423828e+01 4.285750579833984375e+01 -1.155227780342102051e+00 -1.522623729705810547e+01 -7.566954195499420166e-02 -1.374804079532623291e-01
-1.036455821990966797e+01 4.044400787353515625e+01 -8.426141142845153809e-01 -2.632977867126464844e+01 -1.253702789545059204e-01 -1.141521334648132324e+00
-1.108640575408935547e+01 3.703215789794921875e+01 -6.536517739295959473e-01 -4.065089416503906250e+01 3.975678920745849609e+00 -1.676467299461364746e+00
-1.482424926757812500e+01 3.301238250732421875e+01 -7.378341555595397949e-01 -5.583587646484375000e+01 1.133173274993896484e+01 -2.488779306411743164e+00
-2.004292869567871094e+01 2.626111984252929688e+01 -6.180152297019958496e-01 -6.594747924804687500e+01 2.199802589416503906e+01 -3.028150796890258789e+00
-1.946263504028320312e+01 1.611990165710449219e+01 3.896582365036010742e+00 -6.159079742431640625e+01 3.594677352905273438e+01 -3.029510021209716797e+00
-1.140296077728271484e+01 7.688749790191650391e+00 4.385099887847900391e+00 -5.203202056884765625e+01 4.437736511230468750e+01 -2.919301033020019531e+00
-6.838984012603759766e+00 -2.063596248626708984e-01 1.648772001266479492e+00 -3.720082855224609375e+01 4.791577148437500000e+01 -2.176964044570922852e+00
-7.157239437103271484e+00 -6.869866847991943359e-01 -2.928109467029571533e-01 -2.123006248474121094e+01 4.824166107177734375e+01 -1.520058155059814453e+00
-1.191074275970458984e+01 -8.328163027763366699e-01 -8.614464998245239258e-01 -1.045878982543945312e+01 4.430491638183593750e+01 -1.347456455230712891e+00
-3.242313003540039062e+01 1.598566532135009766e+00 -1.323312163352966309e+00 -1.024994182586669922e+01 3.962261199951171875e+01 -3.427141308784484863e-01
-4.562984085083007812e+01 7.011381626129150391e+00 -2.340293645858764648e+00 -1.104957866668701172e+01 3.750270462036132812e+01 3.736600875854492188e-01
-5.941046905517578125e+01 1.542689132690429688e+01 -3.517143964767456055e+00 -1.242001819610595703e+01 3.211735534667968750e+01 3.692768573760986328e+00
-6.894277191162109375e+01 2.612900924682617188e+01 -3.805207014083862305e+00 -1.319416332244873047e+01 2.596850395202636719e+01 4.882448673248291016e+00
-6.970977783203125000e+01 3.593259429931640625e+01 -3.696158647537231445e+00 -1.312187671661376953e+01 1.847533607482910156e+01 7.246411323547363281e+00
-4.708882141113281250e+01 4.544094467163085938e+01 -3.117811918258666992e+00 -7.008186340332031250e+00 3.908475399017333984e+00 6.186169624328613281e+00
-3.279602050781250000e+01 4.822351074218750000e+01 -2.748404979705810547e+00 -6.416457653045654297e+00 -4.278542101383209229e-01 8.545598983764648438e+00
-2.006982803344726562e+01 4.882246398925781250e+01 -2.981487512588500977e+00 -1.077407836914062500e+01 -9.158719182014465332e-01 3.486493110656738281e+00
-1.372993469238281250e+01 4.471918106079101562e+01 -2.733717679977416992e+00 -2.038024711608886719e+01 -8.347393870353698730e-01 -4.179791510105133057e-01
-1.388374996185302734e+01 4.019252395629882812e+01 -2.818734169006347656e+00 -3.432393646240234375e+01 -2.279964983463287354e-01 -1.027538776397705078e+00
-2.069121742248535156e+01 3.580615997314453125e+01 -6.565320491790771484e-01 -6.055004882812500000e+01 7.092582225799560547e+00 -2.728148460388183594e+00
-1.598558330535888672e+01 2.736344337463378906e+01 -5.286325216293334961e-01 -6.824733734130859375e+01 2.122266960144042969e+01 -2.661535978317260742e+00
-1.317798519134521484e+01 1.583112525939941406e+01 8.664385676383972168e-01 -6.553618621826171875e+01 3.540805053710937500e+01 -2.770816564559936523e+00
-1.039955520629882812e+01 5.533344745635986328e+00 5.253283023834228516e+00 -5.755461502075195312e+01 4.544733810424804688e+01 -2.312196969985961914e+00
-1.192283725738525391e+01 -2.041090577840805054e-01 4.749987125396728516e+00 -4.598666000366210938e+01 5.367573165893554688e+01 -1.767394065856933594e+00
-1.557706928253173828e+01 -9.797744750976562500e-01 -1.469567567110061646e-01 -1.937265777587890625e+01 5.207080841064453125e+01 -3.092384338378906250e-01
-2.135204505920410156e+01 -1.119925498962402344e+00 -5.366004705429077148e-01 -1.038413906097412109e+01 5.033677673339843750e+01 -2.476767599582672119e-01
-3.004981422424316406e+01 -7.978351116180419922e-01 -9.692143797874450684e-01 -6.538775920867919922e+00 4.760996246337890625e+01 -5.049238353967666626e-02
-4.058082580566406250e+01 -2.925715148448944092e-01 -1.390981793403625488e+00 -5.656085491180419922e+00 4.350233459472656250e+01 -9.260244667530059814e-02
-4.728159713745117188e+01 3.583588123321533203e+00 -1.401666402816772461e+00 -4.631308078765869141e+00 3.764851760864257812e+01 -3.067708015441894531e-01
-5.650159835815429688e+01 1.786156654357910156e+01 -1.945622682571411133e+00 -1.073354148864746094e+01 2.626284599304199219e+01 -9.946274757385253906e-01
-5.773408126831054688e+01 3.101497459411621094e+01 -1.821528315544128418e+00 -1.082197475433349609e+01 1.709251213073730469e+01 -5.497817993164062500e-01
-4.906377792358398438e+01 4.049377059936523438e+01 -1.334630846977233887e+00 -1.057791423797607422e+01 8.252833366394042969e+00 -3.219347000122070312e-01
-3.531982421875000000e+01 4.698768234252929688e+01 -8.193564414978027344e-01 -1.056960296630859375e+01 1.776589751243591309e+00 2.726988792419433594e+00
-2.095544242858886719e+01 4.768698501586914062e+01 -6.465801000595092773e-01 -1.175913429260253906e+01 -1.138174682855606079e-01 5.771752357482910156e+00
-9.767416954040527344e+00 4.029319381713867188e+01 -1.451063275337219238e+00 -3.185281181335449219e+01 2.414926052093505859e+00 -1.059956192970275879e+00
-5.426366329193115234e+00 3.451792907714843750e+01 -1.006684064865112305e+00 -3.953736495971679688e+01 7.693003177642822266e+00 -2.054356813430786133e+00
-4.112636566162109375e+00 2.758391571044921875e+01 -3.021106123924255371e-01 -4.585402679443359375e+01 1.644533157348632812e+01 -2.709966897964477539e+00
-5.249376773834228516e+00 2.108416175842285156e+01 -2.502394914627075195e-01 -5.026206207275390625e+01 2.396119117736816406e+01 -3.163387537002563477e+00
-7.028008460998535156e+00 1.433015632629394531e+01 -1.162860170006752014e-01 -5.208559036254882812e+01 3.224830245971679688e+01 -3.274410963058471680e+00
-1.393303394317626953e+01 3.511658191680908203e+00 -3.799111545085906982e-01 -4.828368759155273438e+01 4.274909210205078125e+01 -1.477592825889587402e+00
-1.668900871276855469e+01 -4.741225391626358032e-02 -2.955842316150665283e-01 -4.080922317504882812e+01 4.772611236572265625e+01 -1.477252840995788574e+00
-2.239622306823730469e+01 -3.396670818328857422e-01 -5.083930492401123047e-01 -3.083818054199218750e+01 4.944885253906250000e+01 -1.253879547119140625e+00
-2.711253929138183594e+01 -2.519753873348236084e-01 -6.851161718368530273e-01 -2.149111175537109375e+01 4.745314788818359375e+01 -1.257980585098266602e+00
-3.148481750488281250e+01 2.035717964172363281e-01 -1.023176908493041992e+00 -1.558923339843750000e+01 4.413537597656250000e+01 -1.244482874870300293e+00
-3.818016433715820312e+01 1.245768165588378906e+01 -2.278800725936889648e+00 -9.578269004821777344e+00 3.225986480712890625e+01 -3.714836239814758301e-01
-4.450753021240234375e+01 1.814515113830566406e+01 -2.908039093017578125e+00 -8.820430755615234375e+00 2.815562248229980469e+01 -2.001335173845291138e-01
-5.024547576904296875e+01 2.669029808044433594e+01 -3.421882629394531250e+00 -1.178832530975341797e+01 2.184075927734375000e+01 -1.847705841064453125e-01
-5.260198593139648438e+01 3.443967437744140625e+01 -3.655097961425781250e+00 -1.496198177337646484e+01 1.754676818847656250e+01 -6.617051959037780762e-01
-4.914319229125976562e+01 3.698454284667968750e+01 -3.646424055099487305e+00 -1.832536125183105469e+01 1.183814144134521484e+01 -9.120578765869140625e-01
-3.592699050903320312e+01 3.988759613037109375e+01 -3.254276037216186523e+00 -2.231939125061035156e+01 1.094588375091552734e+01 -1.444967508316040039e+00
-2.686043167114257812e+01 4.299080276489257812e+01 -2.980031013488769531e+00 -2.587068176269531250e+01 7.130669116973876953e+00 -1.201826333999633789e+00
-1.688719558715820312e+01 4.193349838256835938e+01 -2.573559761047363281e+00 -3.084661865234375000e+01 7.220404148101806641e+00 -1.291558146476745605e+00
-1.052706813812255859e+01 3.892952346801757812e+01 -2.001421689987182617e+00 -3.682956695556640625e+01 1.151769542694091797e+01 -1.028140306472778320e+00
-6.652492523193359375e+00 3.160380744934082031e+01 -1.785197615623474121e+00 -3.986840820312500000e+01 1.971655654907226562e+01 -9.435051083564758301e-01
-6.265042781829833984e+00 2.088402748107910156e+01 -7.100107073783874512e-01 -4.658424377441406250e+01 2.456827735900878906e+01 -1.896539568901062012e+00
-1.125121593475341797e+01 1.401508903503417969e+01 -6.855277419090270996e-01 -5.186201095581054688e+01 3.367494201660156250e+01 -2.271406888961791992e+00
-1.715433883666992188e+01 6.850086688995361328e+00 -4.317451119422912598e-01 -5.429343414306640625e+01 4.317001724243164062e+01 -2.426060914993286133e+00
-2.272453498840332031e+01 2.061197757720947266e+00 -5.596551299095153809e-01 -5.211837387084960938e+01 4.967845153808593750e+01 -2.395868062973022461e+00
-2.671044731140136719e+01 1.331685066223144531e+00 -5.086501836776733398e-01 -4.514766311645507812e+01 5.270797729492187500e+01 -2.086131811141967773e+00
-2.739590454101562500e+01 -7.911362498998641968e-02 -1.678507447242736816e+00 -2.430228996276855469e+01 4.803072357177734375e+01 -3.405784666538238525e-01
-3.518292999267578125e+01 1.156606674194335938e-01 -1.836648344993591309e+00 -1.638961601257324219e+01 4.479407501220703125e+01 -2.660571634769439697e-01
-4.350059127807617188e+01 5.262443065643310547e+00 -2.094158411026000977e+00 -1.057944869995117188e+01 3.874366760253906250e+01 9.789874553680419922e-01
-4.993391799926757812e+01 1.332309722900390625e+01 -2.286717176437377930e+00 -7.116420269012451172e+00 3.191508483886718750e+01 1.066885232925415039e+00
-5.389688873291015625e+01 1.916679763793945312e+01 -2.511740684509277344e+00 -6.059951305389404297e+00 2.381884002685546875e+01 5.410797595977783203e-01
-5.221162033081054688e+01 3.308068084716796875e+01 -2.609301567077636719e+00 -8.426807403564453125e+00 1.259781360626220703e+01 3.719088554382324219e+00
-4.747711944580078125e+01 3.994006729125976562e+01 -2.688167095184326172e+00 -1.207858180999755859e+01 8.078337669372558594e+00 7.657873153686523438e+00
-3.824215698242187500e+01 4.290881729125976562e+01 -2.692971944808959961e+00 -1.537541484832763672e+01 1.697770476341247559e+00 8.486270904541015625e+00
-2.660029983520507812e+01 4.412740325927734375e+01 -2.664306402206420898e+00 -1.822305107116699219e+01 7.762277126312255859e-02 6.006687641143798828e+00
-1.586589050292968750e+01 4.101531219482421875e+01 -2.716331720352172852e+00 -2.151299095153808594e+01 -6.269289553165435791e-02 2.919861793518066406e+00
-8.104562759399414062e+00 3.409510803222656250e+01 -1.630014657974243164e+00 -3.658748245239257812e+01 5.523515224456787109e+00 -1.374073028564453125e+00
-9.135268211364746094e+00 2.928162574768066406e+01 -5.685681700706481934e-01 -4.515095138549804688e+01 1.088744258880615234e+01 -2.150853872299194336e+00
-7.853627204895019531e+00 2.197202110290527344e+01 2.714846372604370117e+00 -5.151327514648437500e+01 1.909123611450195312e+01 -2.387405157089233398e+00
-7.732528686523437500e+00 1.641756057739257812e+01 4.549742221832275391e+00 -5.146612167358398438e+01 2.796411514282226562e+01 -2.257783889770507812e+00
-8.498140335083007812e+00 9.213531494140625000e+00 6.422190189361572266e+00 -4.626720428466796875e+01 3.164074707031250000e+01 -2.317441940307617188e+00
-1.662573814392089844e+01 -2.468329221010208130e-01 5.390726923942565918e-01 -4.293190765380859375e+01 4.939130401611328125e+01 -1.563131690025329590e+00
-1.541296291351318359e+01 -5.051454901695251465e-01 -7.031205296516418457e-02 -3.416986083984375000e+01 5.091999816894531250e+01 -9.951432347297668457e-01
-1.583506679534912109e+01 -6.585458517074584961e-01 -5.825307369232177734e-01 -2.134075355529785156e+01 4.786200714111328125e+01 -5.257241129875183105e-01
-1.814080047607421875e+01 -5.544282793998718262e-01 -9.106640815734863281e-01 -1.094166564941406250e+01 4.246289062500000000e+01 -1.649435013532638550e-01
-2.429723358154296875e+01 6.769964694976806641e-01 -1.256945133209228516e+00 -7.161632061004638672e+00 3.524663162231445312e+01 -1.048177704215049744e-01
-4.718674850463867188e+01 1.563506317138671875e+01 -2.481184720993041992e+00 -9.804465293884277344e+00 2.402809524536132812e+01 -3.635244444012641907e-02
-5.197266387939453125e+01 2.183751869201660156e+01 -3.012036800384521484e+00 -8.910613059997558594e+00 1.918965911865234375e+01 9.301605224609375000e-01
-5.554016113281250000e+01 2.939788246154785156e+01 -3.331399917602539062e+00 -1.252398967742919922e+01 1.451975727081298828e+01 -6.697435677051544189e-02
-5.522541427612304688e+01 3.624417877197265625e+01 -3.253270387649536133e+00 -1.707155990600585938e+01 1.074619102478027344e+01 1.538496017456054688e-01
-5.061699676513671875e+01 4.093802642822265625e+01 -2.974974393844604492e+00 -2.121151161193847656e+01 7.724832057952880859e+00 -1.353166550397872925e-01
-2.957790184020996094e+01 4.297414779663085938e+01 -2.170722007751464844e+00 -2.265605545043945312e+01 3.911790370941162109e+00 -6.816830039024353027e-01
-1.717504692077636719e+01 4.184846878051757812e+01 -2.089123725891113281e+00 -2.686799049377441406e+01 1.016581892967224121e+00 -4.943962097167968750e-01
-8.514735221862792969e+00 3.842736053466796875e+01 -2.116010427474975586e+00 -3.450542831420898438e+01 3.497102260589599609e+00 -8.339161276817321777e-01
-5.307013988494873047e+00 3.077939414978027344e+01 -1.634018540382385254e+00 -4.449910736083984375e+01 9.895106315612792969e+00 -1.305893898010253906e+00
-6.261725902557373047e+00 2.344741630554199219e+01 -1.309242844581604004e+00 -5.418553543090820312e+01 2.025871276855468750e+01 -1.765103697776794434e+00
-5.855484008789062500e+00 1.424218177795410156e+01 -2.535079419612884521e-01 -5.448477172851562500e+01 3.092966461181640625e+01 -3.741954803466796875e+00
-5.564804077148437500e+00 8.108739852905273438e+00 7.925154566764831543e-01 -4.973558807373046875e+01 3.826982879638671875e+01 -3.878448486328125000e+00
-6.193448066711425781e+00 -3.136572986841201782e-02 4.338222980499267578e+00 -4.348103332519531250e+01 4.585049438476562500e+01 -3.971343994140625000e+00
-9.744964599609375000e+00 -5.232080817222595215e-01 4.783941745758056641e+00 -3.571566009521484375e+01 4.865802764892578125e+01 -3.643223524093627930e+00
-1.480139827728271484e+01 -3.706860244274139404e-01 4.639120578765869141e+00 -2.807082557678222656e+01 5.068378448486328125e+01 -3.370922088623046875e+00
-2.264497375488281250e+01 -6.707908958196640015e-02 -1.167892575263977051e+00 -1.384786224365234375e+01 4.277882385253906250e+01 -2.854638576507568359e+00
-3.037163352966308594e+01 3.947700023651123047e+00 -1.701630234718322754e+00 -7.405892372131347656e+00 3.425880432128906250e+01 -2.674972295761108398e+00
-4.108903503417968750e+01 1.295547866821289062e+01 -2.308891773223876953e+00 -6.278451919555664062e+00 2.601030731201171875e+01 -2.389646768569946289e+00
-4.966980361938476562e+01 2.239545631408691406e+01 -2.772943496704101562e+00 -9.207568168640136719e+00 1.832274818420410156e+01 -1.584165811538696289e+00
-5.505590438842773438e+01 3.427628326416015625e+01 -2.829149961471557617e+00 -1.345551490783691406e+01 1.157539463043212891e+01 -1.175146102905273438e+00
-4.644762802124023438e+01 4.571189117431640625e+01 -1.048640012741088867e+00 -1.737083053588867188e+01 6.595648288726806641e+00 -7.326113581657409668e-01
-3.787151718139648438e+01 4.887389373779296875e+01 -1.360522031784057617e+00 -2.103227615356445312e+01 3.902390956878662109e+00 -5.385195016860961914e-01
-2.891984939575195312e+01 4.841906738281250000e+01 -1.611121416091918945e+00 -2.590503883361816406e+01 1.644923567771911621e+00 -6.755658984184265137e-01
-2.046816444396972656e+01 4.668119812011718750e+01 -1.669847846031188965e+00 -3.198050498962402344e+01 2.509131908416748047e+00 -7.889410257339477539e-01
-1.538053607940673828e+01 4.225071716308593750e+01 -1.790937781333923340e+00 -3.854070663452148438e+01 7.851510524749755859e+00 -8.531121611595153809e-01
-9.313831329345703125e+00 3.628520584106445312e+01 -8.880040049552917480e-01 -4.706705474853515625e+01 1.034083461761474609e+01 -1.131700158119201660e+00
-7.131806373596191406e+00 2.845501899719238281e+01 -5.164914727210998535e-01 -5.076647186279296875e+01 1.645380020141601562e+01 -1.603653788566589355e+00
-6.275504589080810547e+00 2.089453887939453125e+01 6.050669550895690918e-01 -5.227595138549804688e+01 2.593248748779296875e+01 -1.793414473533630371e+00
-6.872941017150878906e+00 1.192371368408203125e+01 3.189402341842651367e+00 -5.081951522827148438e+01 3.308136749267578125e+01 -1.874030470848083496e+00
-7.760715484619140625e+00 6.025752544403076172e+00 4.668287754058837891e+00 -4.661510848999023438e+01 3.989817047119140625e+01 -1.899801611900329590e+00
-1.773430252075195312e+01 5.160696506500244141e+00 -2.743590772151947021e-01 -4.018426132202148438e+01 4.374633026123046875e+01 -1.278001666069030762e+00
-2.423192405700683594e+01 2.069476604461669922e+00 -3.400584459304809570e-01 -3.430475997924804688e+01 4.536582946777343750e+01 -1.160150408744812012e+00
-3.152484703063964844e+01 4.640450000762939453e+00 -7.700702548027038574e-01 -2.652983093261718750e+01 4.125289154052734375e+01 -9.684221148490905762e-01
-3.698191070556640625e+01 9.322961807250976562e+00 -1.414874196052551270e+00 -1.818396759033203125e+01 3.551366424560546875e+01 -5.498873591423034668e-01
-3.962865447998046875e+01 1.487852096557617188e+01 -1.837802171707153320e+00 -1.270065212249755859e+01 2.443563652038574219e+01 -5.139490962028503418e-01
-4.722553253173828125e+01 3.276073455810546875e+01 -2.675417661666870117e+00 -1.413625621795654297e+01 2.151464271545410156e+01 5.972064018249511719e+00
-4.551068878173828125e+01 3.798810195922851562e+01 -2.713613748550415039e+00 -1.166813182830810547e+01 1.542473506927490234e+01 8.470394134521484375e+00
-3.949128341674804688e+01 4.179219055175781250e+01 -2.515763998031616211e+00 -1.108792400360107422e+01 9.062230110168457031e+00 7.610471725463867188e+00
-3.433912277221679688e+01 4.386081695556640625e+01 -2.296867132186889648e+00 -1.229464626312255859e+01 3.252740383148193359e+00 6.327487945556640625e+00
-3.179796218872070312e+01 4.772095870971679688e+01 -2.545559883117675781e+00 -1.612912368774414062e+01 2.369735240936279297e+00 6.385738372802734375e+00
-2.163758659362792969e+01 4.556684112548828125e+01 -1.342272281646728516e+00 -2.752787208557128906e+01 2.528707027435302734e+00 -9.930963516235351562e-01
-1.637020683288574219e+01 4.078564834594726562e+01 -1.279046773910522461e+00 -3.496690750122070312e+01 4.663518428802490234e+00 -1.466064929962158203e+00
-1.248754215240478516e+01 3.232743453979492188e+01 -7.432531118392944336e-01 -4.306358718872070312e+01 1.233202266693115234e+01 -1.711007356643676758e+00
-9.206322669982910156e+00 2.355967712402343750e+01 -4.639642238616943359e-01 -5.203490066528320312e+01 2.110569381713867188e+01 -1.975257515907287598e+00
-5.432854652404785156e+00 1.512415122985839844e+01 2.638193964958190918e-01 -5.678345870971679688e+01 3.198719787597656250e+01 -2.172679901123046875e+00
-7.553154945373535156e+00 1.598648548126220703e+00 -5.887231230735778809e-01 -5.098490524291992188e+01 3.819562149047851562e+01 -2.441040754318237305e+00
-1.119476222991943359e+01 -4.373546242713928223e-01 -8.881199955940246582e-01 -4.401657485961914062e+01 4.351433944702148438e+01 -2.415118932723999023e+00
-1.579170989990234375e+01 -7.187839150428771973e-01 -1.563794016838073730e+00 -3.486814117431640625e+01 4.747408294677734375e+01 -1.983654260635375977e+00
-2.161131477355957031e+01 -9.490394592285156250e-01 -2.010448694229125977e+00 -2.484083747863769531e+01 4.754698562622070312e+01 -2.189965963363647461e+00
-2.913889503479003906e+01 -5.944198369979858398e-01 -2.313913583755493164e+00 -1.688963890075683594e+01 4.380847549438476562e+01 -2.277754545211791992e+00
-3.886840057373046875e+01 1.089558219909667969e+01 -2.496670722961425781e+00 -1.289350128173828125e+01 2.876628112792968750e+01 -1.586886763572692871e+00
-4.409582901000976562e+01 1.600511360168457031e+01 -2.582520484924316406e+00 -1.227636432647705078e+01 2.519961547851562500e+01 -1.603739619255065918e+00
-4.868838882446289062e+01 2.414616203308105469e+01 -2.210823297500610352e+00 -1.357363796234130859e+01 2.172036552429199219e+01 -1.329958319664001465e+00
-5.058118057250976562e+01 2.983811187744140625e+01 -2.042098045349121094e+00 -1.590656280517578125e+01 1.920389938354492188e+01 -1.005610466003417969e+00
-4.721677780151367188e+01 3.152306556701660156e+01 -1.668045639991760254e+00 -1.683377647399902344e+01 1.565391254425048828e+01 -6.138612031936645508e-01
-3.588677597045898438e+01 3.707185745239257812e+01 -1.376599192619323730e+00 -2.074555778503417969e+01 8.553031921386718750e+00 7.590494155883789062e-01
-3.152447319030761719e+01 3.808813476562500000e+01 -1.391814112663269043e+00 -2.629939842224121094e+01 6.621042728424072266e+00 -2.113698571920394897e-01
-2.582127952575683594e+01 3.894092559814453125e+01 -1.265156269073486328e+00 -3.257605361938476562e+01 8.918934822082519531e+00 -2.342652827501296997e-01
-1.948128890991210938e+01 3.393126678466796875e+01 -9.488224983215332031e-01 -3.903949356079101562e+01 1.249137115478515625e+01 -7.233891487121582031e-01
-1.431306648254394531e+01 2.776909828186035156e+01 -6.253136992454528809e-01 -4.366378402709960938e+01 1.875556755065917969e+01 -9.066967964172363281e-01
-1.407329463958740234e+01 1.676081275939941406e+01 -7.673047482967376709e-02 -4.843766784667968750e+01 3.114720153808593750e+01 -7.875202894210815430e-01
-1.237584590911865234e+01 1.360560607910156250e+01 2.543932795524597168e-01 -4.915993118286132812e+01 3.722282409667968750e+01 -9.868379831314086914e-01
-1.036182308197021484e+01 8.477258682250976562e+00 1.224764585494995117e+00 -4.767163085937500000e+01 4.243324661254882812e+01 -9.676804542541503906e-01
-8.834692955017089844e+00 4.824927806854248047e+00 2.175463438034057617e+00 -4.449510574340820312e+01 4.594776916503906250e+01 -1.199329972267150879e+00
-9.815158843994140625e+00 2.083121776580810547e+00 2.302019834518432617e+00 -4.109139251708984375e+01 4.751623535156250000e+01 -1.150171875953674316e+00
-2.106415367126464844e+01 3.075438022613525391e+00 -5.454065203666687012e-01 -3.524035263061523438e+01 4.491730117797851562e+01 -7.475510239601135254e-01
-2.784468650817871094e+01 7.149191379547119141e+00 -7.412763237953186035e-01 -3.224851608276367188e+01 4.302049255371093750e+01 -7.257666587829589844e-01
-3.344987487792968750e+01 1.363179016113281250e+01 -8.243913054466247559e-01 -3.078774070739746094e+01 3.916633605957031250e+01 -4.747202396392822266e-01
-3.670092391967773438e+01 1.971478080749511719e+01 -8.411965370178222656e-01 -2.753005027770996094e+01 3.466380310058593750e+01 -2.471707910299301147e-01
-3.599763107299804688e+01 2.365407752990722656e+01 -6.286561489105224609e-01 -2.553630256652832031e+01 2.969204330444335938e+01 1.538777351379394531e-01
-3.063384056091308594e+01 3.114154624938964844e+01 -8.012192845344543457e-01 -2.069841194152832031e+01 2.356780624389648438e+01 2.438734531402587891e+00
-3.372492599487304688e+01 3.242331314086914062e+01 -7.766198515892028809e-01 -2.085116767883300781e+01 2.273237228393554688e+01 6.146954059600830078e+00
-3.481414413452148438e+01 3.403298950195312500e+01 -1.014269709587097168e+00 -2.037300872802734375e+01 1.848583221435546875e+01 6.490326404571533203e+00
-3.412079238891601562e+01 3.772358703613281250e+01 -1.256946682929992676e+00 -2.114855194091796875e+01 1.603490829467773438e+01 5.499298572540283203e+00
-3.135214042663574219e+01 3.790750885009765625e+01 -1.646805047988891602e+00 -2.170035552978515625e+01 1.213927173614501953e+01 4.960085391998291016e+00
-2.402661132812500000e+01 3.253710174560546875e+01 -1.629404067993164062e+00 -3.006249046325683594e+01 1.589959812164306641e+01 4.320903778076171875e+00
-2.148830986022949219e+01 3.239109420776367188e+01 -1.272639632225036621e+00 -3.175659751892089844e+01 1.548542308807373047e+01 2.870154380798339844e+00
-1.727222633361816406e+01 3.108376121520996094e+01 -8.089850544929504395e-01 -3.339046859741210938e+01 1.953386306762695312e+01 4.145345687866210938e-01
-1.443716716766357422e+01 2.625237083435058594e+01 -3.672374188899993896e-01 -3.488403320312500000e+01 2.259057807922363281e+01 -2.705676257610321045e-01
-1.238767528533935547e+01 2.222406196594238281e+01 6.069075465202331543e-01 -3.497301864624023438e+01 2.830115890502929688e+01 -2.831539213657379150e-01
-1.479369544982910156e+01 1.879539871215820312e+01 -4.045799672603607178e-01 -3.601963424682617188e+01 3.268400573730468750e+01 -1.965273469686508179e-01
-1.486796855926513672e+01 1.561161804199218750e+01 -2.880101501941680908e-01 -3.597425460815429688e+01 3.439583206176757812e+01 -8.763971179723739624e-02
-1.379763221740722656e+01 1.155004310607910156e+01 -1.824734956026077271e-01 -3.388116455078125000e+01 3.702426147460937500e+01 -1.831955015659332275e-01
-1.350124263763427734e+01 8.709846496582031250e+00 -2.034081667661666870e-01 -3.181012916564941406e+01 3.831059265136718750e+01 -2.376738637685775757e-01
-1.550384521484375000e+01 8.901439666748046875e+00 -2.780089676380157471e-01 -3.019101524353027344e+01 3.917644882202148438e+01 -5.240687727928161621e-01
-2.662657737731933594e+01 1.053695487976074219e+01 -1.840739607810974121e+00 -2.931522178649902344e+01 3.560338973999023438e+01 -5.237936377525329590e-01
-3.531454849243164062e+01 1.222780227661132812e+01 -1.634003877639770508e+00 -2.786680412292480469e+01 3.463804626464843750e+01 -6.357035040855407715e-01
-4.075191879272460938e+01 1.694808387756347656e+01 -1.427471995353698730e+00 -2.408858680725097656e+01 3.372169876098632812e+01 -4.481720030307769775e-01
-4.332972335815429688e+01 2.059050941467285156e+01 -1.459676146507263184e+00 -1.998813438415527344e+01 3.030701637268066406e+01 -4.103927612304687500e-01
-4.218684387207031250e+01 2.503959465026855469e+01 -1.404322624206542969e+00 -1.529689788818359375e+01 2.495952796936035156e+01 -2.169198989868164062e-01
-3.997525405883789062e+01 3.252581405639648438e+01 -1.486313581466674805e+00 -1.567212104797363281e+01 1.355543422698974609e+01 -4.784321878105401993e-03
-3.898571777343750000e+01 3.347053146362304688e+01 -1.522488474845886230e+00 -1.971476745605468750e+01 1.248977470397949219e+01 1.997477769851684570e+00
-3.592737197875976562e+01 3.486235809326171875e+01 -1.434920549392700195e+00 -2.261028099060058594e+01 1.103929042816162109e+01 1.493848800659179688e+00
-3.048263931274414062e+01 3.372226333618164062e+01 -1.150293231010437012e+00 -2.511081504821777344e+01 1.149220848083496094e+01 2.313301563262939453e+00
-2.389734077453613281e+01 3.034748840332031250e+01 -9.758118987083435059e-01 -2.564952659606933594e+01 1.198078632354736328e+01 2.417662620544433594e+00
