-8.568390011787414551e-01 -8.249970674514770508e-01 9.256730079650878906e+00 -1.760913133621215820e+00 2.401060867309570312e+01 -1.414760388433933258e-02
-4.073665142059326172e+00 -1.261373877525329590e+00 6.671246051788330078e+00 -6.920850872993469238e-01 2.347426414489746094e+01 -8.275315910577774048e-02
-1.396701717376708984e+01 -1.402189850807189941e+00 1.412517786026000977e+00 -2.574271678924560547e+00 2.122062683105468750e+01 -2.930769622325897217e-01
-2.751513481140136719e+01 -9.193214774131774902e-01 -4.821593761444091797e-01 -4.158615589141845703e+00 1.917292785644531250e+01 -5.888300016522407532e-02
-4.130049514770507812e+01 -3.201527297496795654e-01 -1.064029216766357422e+00 -4.802737712860107422e+00 1.479231929779052734e+01 -6.565830856561660767e-02
-5.468239212036132812e+01 4.530864238739013672e+00 -1.776762247085571289e+00 -4.837283611297607422e+00 9.286329269409179688e+00 3.612570762634277344e-01
-5.599627304077148438e+01 1.470347595214843750e+01 -1.667693495750427246e+00 -4.070455074310302734e+00 3.396789073944091797e+00 3.247602462768554688e+00
-4.992220687866210938e+01 2.253404235839843750e+01 -1.156771659851074219e+00 -2.446232795715332031e+00 -3.271873891353607178e-01 5.413555145263671875e+00
-3.791328430175781250e+01 2.627337646484375000e+01 -7.860340476036071777e-01 -1.480634093284606934e+00 -8.053240776062011719e-01 8.206069946289062500e+00
-2.410630607604980469e+01 2.630413436889648438e+01 -5.533279776573181152e-01 -1.737826704978942871e+00 -1.137634634971618652e+00 1.046869850158691406e+01
-1.447254085540771484e+01 2.684972190856933594e+01 -6.370863318443298340e-01 -4.399570465087890625e+00 -1.432144761085510254e+00 9.302280426025390625e+00
-8.385722160339355469e+00 2.771011543273925781e+01 -6.703742742538452148e-01 -7.738605499267578125e+00 -1.663027405738830566e+00 8.575937271118164062e+00
-4.194030284881591797e+00 2.724363517761230469e+01 -7.820312380790710449e-01 -1.385176086425781250e+01 -1.832080841064453125e+00 6.069944381713867188e+00
-2.063409566879272461e+00 2.628238105773925781e+01 -9.191718101501464844e-01 -2.190945625305175781e+01 -1.661894440650939941e+00 5.877113342285156250e-01
-9.552606940269470215e-01 2.270489311218261719e+01 -8.909794688224792480e-01 -2.959840774536132812e+01 -1.360278010368347168e+00 -2.832756042480468750e-01
3.593627452850341797e+00 1.642462348937988281e+01 -5.015023350715637207e-01 -4.099024963378906250e+01 -2.405682057142257690e-01 -6.005486845970153809e-01
1.703835105895996094e+01 9.743267059326171875e+00 -2.351451218128204346e-01 -4.517018127441406250e+01 5.118879795074462891e+00 -8.587356805801391602e-01
2.240129280090332031e+01 3.662507534027099609e+00 -9.715817868709564209e-02 -4.353852462768554688e+01 1.280937290191650391e+01 -7.060205936431884766e-01
2.017476463317871094e+01 -2.151664495468139648e-01 -3.015339933335781097e-02 -3.821872329711914062e+01 1.779740524291992188e+01 -4.187396168708801270e-01
6.433872699737548828e+00 -6.763167977333068848e-01 3.553130030632019043e-01 -3.122477531433105469e+01 2.094007492065429688e+01 -3.512265980243682861e-01
-5.583159327507019043e-01 -8.685049414634704590e-01 1.619871854782104492e+00 -2.018022918701171875e+01 1.931982803344726562e+01 -5.344824194908142090e-01
-3.738872528076171875e+00 -1.326767325401306152e+00 8.966242671012878418e-01 -1.580695533752441406e+01 2.224864959716796875e+01 -6.889686584472656250e-01
-1.051834011077880859e+01 -1.603624224662780762e+00 -1.958301812410354614e-01 -1.352534675598144531e+01 2.320501518249511719e+01 -7.129586935043334961e-01
-1.996766471862792969e+01 -1.476579666137695312e+00 -6.003341078758239746e-01 -1.193981742858886719e+01 2.235144042968750000e+01 -6.641973853111267090e-01
-2.940657043457031250e+01 -9.602910876274108887e-01 -8.372399210929870605e-01 -1.040548038482666016e+01 1.969657135009765625e+01 -5.261731147766113281e-01
-4.271625900268554688e+01 -1.068479567766189575e-01 -1.257068395614624023e+00 -1.057742404937744141e+01 1.329310703277587891e+01 -9.417846053838729858e-02
-4.451380538940429688e+01 5.045453071594238281e+00 -1.268445134162902832e+00 -8.251198768615722656e+00 9.829858779907226562e+00 1.813149452209472656e+00
-4.143628311157226562e+01 1.124947166442871094e+01 -1.231561064720153809e+00 -3.769617557525634766e+00 4.375288486480712891e+00 4.769886493682861328e+00
-3.488924026489257812e+01 1.513729667663574219e+01 -1.149193644523620605e+00 2.124425888061523438e+00 -9.379526227712631226e-02 5.506473064422607422e+00
-2.830462455749511719e+01 1.690221023559570312e+01 -1.169588208198547363e+00 1.519779396057128906e+01 -5.491913557052612305e-01 6.577863216400146484e+00
-2.083143424987792969e+01 1.996657562255859375e+01 -1.717787742614746094e+00 -5.731257423758506775e-02 -1.116491794586181641e+00 7.443856239318847656e+00
-1.880836486816406250e+01 2.199700546264648438e+01 -1.826145529747009277e+00 -5.875147819519042969e+00 -1.332879781723022461e+00 7.007329940795898438e+00
-1.680572891235351562e+01 2.307995033264160156e+01 -1.833816170692443848e+00 -1.303659534454345703e+01 -1.321846365928649902e+00 4.747026443481445312e+00
-1.453350543975830078e+01 2.126515007019042969e+01 -1.636193633079528809e+00 -2.086821365356445312e+01 -1.064911246299743652e+00 8.598241806030273438e-01
-1.229793453216552734e+01 1.864131927490234375e+01 -1.421236395835876465e+00 -2.828591918945312500e+01 -6.192023158073425293e-01 -2.108820974826812744e-01
-5.723521709442138672e+00 1.458603858947753906e+01 -6.903464198112487793e-01 -3.658461761474609375e+01 -2.184263430535793304e-02 -4.790950417518615723e-01
-2.116295337677001953e+00 9.424509048461914062e+00 -3.850063979625701904e-01 -3.840476608276367188e+01 5.820098400115966797e+00 -6.110047698020935059e-01
8.814645767211914062e+00 4.432491779327392578e+00 -1.915705502033233643e-01 -3.655003356933593750e+01 1.180983066558837891e+01 -5.432884097099304199e-01
2.490889167785644531e+01 -1.549794673919677734e-01 -9.356306493282318115e-02 -3.173901176452636719e+01 1.593028736114501953e+01 -3.366192281246185303e-01
2.082113075256347656e+01 -6.185134649276733398e-01 -6.142217200249433517e-03 -2.594608879089355469e+01 1.849679183959960938e+01 -2.533557713031768799e-01
-1.152668520808219910e-01 -8.149334192276000977e-01 5.274373888969421387e-01 -1.906946945190429688e+01 1.767344284057617188e+01 -6.479092836380004883e-01
-1.857820153236389160e+00 -1.128951907157897949e+00 5.511357188224792480e-01 -1.735981559753417969e+01 1.855448913574218750e+01 -9.620823860168457031e-01
-6.543766975402832031e+00 -1.242992281913757324e+00 -7.526343315839767456e-02 -1.743081283569335938e+01 2.041464996337890625e+01 -9.597519040107727051e-01
-1.301472949981689453e+01 -1.227610945701599121e+00 -2.734881639480590820e-01 -1.694854736328125000e+01 2.066414642333984375e+01 -8.083602786064147949e-01
-1.856534957885742188e+01 -9.946697354316711426e-01 -3.731692731380462646e-01 -1.569107818603515625e+01 2.089615058898925781e+01 -6.891575455665588379e-01
-3.207818984985351562e+01 -4.148139059543609619e-01 -1.004179954528808594e+00 -1.578853607177734375e+01 1.956031036376953125e+01 -3.674916326999664307e-01
-3.698493576049804688e+01 5.452208518981933594e-01 -9.776517152786254883e-01 -1.507141017913818359e+01 1.778529357910156250e+01 -1.163786426186561584e-01
-3.693415832519531250e+01 6.218367099761962891e+00 -8.212003111839294434e-01 -1.175176143646240234e+01 1.440360164642333984e+01 3.904938697814941406e-01
-3.262284851074218750e+01 1.016118049621582031e+01 -6.391028761863708496e-01 -7.818340301513671875e+00 1.066854000091552734e+01 1.749796390533447266e+00
-2.729724693298339844e+01 1.180500411987304688e+01 -6.487875580787658691e-01 -3.881362915039062500e+00 6.505287647247314453e+00 3.644491672515869141e+00
-1.413124084472656250e+01 1.212936019897460938e+01 -6.633706092834472656e-01 8.455804824829101562e+00 -1.317089647054672241e-01 7.201471328735351562e+00
-8.966854095458984375e+00 1.281423377990722656e+01 -7.791085839271545410e-01 2.030899238586425781e+01 -6.690624952316284180e-01 7.676627159118652344e+00
-7.083971500396728516e+00 1.350148200988769531e+01 -1.025344014167785645e+00 -1.395965456962585449e+00 -9.556647539138793945e-01 6.912179946899414062e+00
-8.125120162963867188e+00 1.331238746643066406e+01 -1.128778338432312012e+00 -7.985576629638671875e+00 -9.527144432067871094e-01 4.715745925903320312e+00
-1.042063045501708984e+01 1.276025199890136719e+01 -1.066786646842956543e+00 -1.578766632080078125e+01 -7.281302213668823242e-01 1.432904243469238281e+00
-9.800450325012207031e+00 1.147901725769042969e+01 -7.775210142135620117e-01 -2.847245788574218750e+01 -3.394935131072998047e-01 -3.087589740753173828e-01
-7.031939983367919922e+00 8.955055236816406250e+00 -7.355077266693115234e-01 -3.363652420043945312e+01 1.216021895408630371e+00 -4.894843101501464844e-01
-5.018560886383056641e+00 5.327840328216552734e+00 -6.331250667572021484e-01 -3.590919876098632812e+01 6.567786693572998047e+00 -5.277157425880432129e-01
-3.798942565917968750e+00 1.754511356353759766e+00 -5.082437396049499512e-01 -3.563903808593750000e+01 1.146636676788330078e+01 -4.224897921085357666e-01
-3.817845106124877930e+00 -2.428063154220581055e-01 -3.740541040897369385e-01 -3.245616149902343750e+01 1.555393695831298828e+01 -3.369887769222259521e-01
-3.486929416656494141e+00 -7.517678737640380859e-01 -4.199381545186042786e-02 -2.368238830566406250e+01 1.831659698486328125e+01 -1.275195926427841187e-01
-1.765614151954650879e+00 -1.099044084548950195e+00 1.579254388809204102e+00 -1.806336784362792969e+01 1.902573776245117188e+01 -2.454878836870193481e-01
-3.029403448104858398e+00 -1.280752182006835938e+00 1.823872804641723633e+00 -1.409215736389160156e+01 1.902824020385742188e+01 -3.426332473754882812e-01
-6.929574489593505859e+00 -1.313238143920898438e+00 -1.343515515327453613e-02 -1.233965969085693359e+01 1.793163871765136719e+01 -7.500576376914978027e-01
-1.190102672576904297e+01 -1.326489329338073730e+00 -2.120163887739181519e-01 -1.360913085937500000e+01 1.615864181518554688e+01 -1.018784165382385254e+00
-2.432984733581542969e+01 -1.262441515922546387e+00 -7.490582466125488281e-01 -1.321048450469970703e+01 1.801322555541992188e+01 -5.320630073547363281e-01
-3.101219749450683594e+01 -8.979372382164001465e-01 -8.211731910705566406e-01 -9.062706947326660156e+00 1.611920547485351562e+01 -3.796356320381164551e-01
-3.638524627685546875e+01 -3.568170964717864990e-01 -9.519486427307128906e-01 -5.539476871490478516e+00 1.265709972381591797e+01 -1.594426184892654419e-01
-3.859269332885742188e+01 2.179759502410888672e+00 -1.019729495048522949e+00 -2.230426788330078125e+00 8.246396064758300781e+00 1.129266023635864258e+00
-3.789214706420898438e+01 7.110067844390869141e+00 -1.064313769340515137e+00 3.274656295776367188e+00 2.320078849792480469e+00 3.185266971588134766e+00
-2.431708335876464844e+01 1.421376991271972656e+01 -6.635214686393737793e-01 2.669970321655273438e+01 -5.480698943138122559e-01 5.933869361877441406e+00
-1.399027442932128906e+01 1.540199089050292969e+01 -9.386741518974304199e-01 2.167919158935546875e+01 -1.005217432975769043e+00 7.464199066162109375e+00
-6.816977977752685547e+00 1.535886955261230469e+01 -1.274949908256530762e+00 -2.309020757675170898e+00 -1.470462799072265625e+00 7.473832130432128906e+00
-2.990433454513549805e+00 1.373727226257324219e+01 -1.507834196090698242e+00 -1.048033237457275391e+01 -1.477997064590454102e+00 3.073747158050537109e+00
-1.811093688011169434e+00 9.927295684814453125e+00 -1.684035539627075195e+00 -2.065151596069335938e+01 -1.210037708282470703e+00 -3.582906723022460938e-02
-6.816428661346435547e+00 7.358108997344970703e+00 -1.423503994941711426e+00 -3.439271163940429688e+01 2.756298780441284180e-01 -1.992335617542266846e-01
-5.999660491943359375e+00 6.171558856964111328e+00 -1.397629618644714355e+00 -3.624975585937500000e+01 2.802813053131103516e+00 -4.119175970554351807e-01
-5.009414196014404297e+00 2.309484958648681641e+00 -1.110106348991394043e+00 -3.761092758178710938e+01 7.240132808685302734e+00 -5.320865511894226074e-01
-5.025008678436279297e+00 3.060921430587768555e-01 -8.894471526145935059e-01 -3.734901046752929688e+01 1.010525608062744141e+01 -3.430684804916381836e-01
-5.245198726654052734e+00 -9.122242033481597900e-02 -7.538524270057678223e-01 -3.492300033569335938e+01 1.465672969818115234e+01 -1.332847177982330322e-01
-1.991910338401794434e+00 -3.952562808990478516e-01 -1.443011611700057983e-01 -2.606615066528320312e+01 1.508659267425537109e+01 -8.430745452642440796e-02
-6.800405979156494141e-01 -6.720265746116638184e-01 -8.806966245174407959e-02 -1.977272605895996094e+01 1.647422027587890625e+01 6.425571441650390625e-02
-1.947844505310058594e+00 -9.461976885795593262e-01 -2.559581995010375977e-01 -1.471937465667724609e+01 1.625934600830078125e+01 -8.400226011872291565e-03
-6.484246253967285156e+00 -9.416669011116027832e-01 -4.312897324562072754e-01 -1.116649723052978516e+01 1.459003925323486328e+01 -2.051083594560623169e-01
-1.298422718048095703e+01 -6.723169684410095215e-01 -6.639320850372314453e-01 -1.052538108825683594e+01 1.193013954162597656e+01 -3.459793925285339355e-01
-2.283360290527343750e+01 -5.656136870384216309e-01 -1.221293807029724121e+00 -1.239740753173828125e+01 1.281896495819091797e+01 -5.620508193969726562e-01
-3.017299842834472656e+01 -2.779327034950256348e-01 -1.253110766410827637e+00 -1.206942939758300781e+01 1.190690994262695312e+01 -4.585916697978973389e-01
-3.500008010864257812e+01 1.179298877716064453e+00 -1.257328033447265625e+00 -1.070271778106689453e+01 1.025944137573242188e+01 -3.510843217372894287e-01
-3.597178649902343750e+01 5.161108493804931641e+00 -1.160699844360351562e+00 -8.237774848937988281e+00 7.965023517608642578e+00 -1.385083496570587158e-01
-3.431341552734375000e+01 8.749475479125976562e+00 -1.091007590293884277e+00 -5.271659851074218750e+00 4.616791248321533203e+00 6.389725208282470703e-01
-2.820875358581542969e+01 1.719034957885742188e+01 -1.075258374214172363e+00 -4.338502407073974609e+00 -6.303954124450683594e-01 2.421007394790649414e+00
-2.348208999633789062e+01 1.833859252929687500e+01 -1.031589388847351074e+00 -7.775846958160400391e+00 -9.159823656082153320e-01 3.364748477935791016e+00
-1.700749778747558594e+01 1.941207313537597656e+01 -9.208602309226989746e-01 -1.010018062591552734e+01 -1.145311832427978516e+00 3.878563880920410156e+00
-9.517530441284179688e+00 1.668570709228515625e+01 -9.254366755485534668e-01 -1.319956874847412109e+01 -1.114323019981384277e+00 2.968178749084472656e+00
-4.409717082977294922e+00 1.324507141113281250e+01 -9.058268666267395020e-01 -1.674232673645019531e+01 -9.293572306632995605e-01 2.000570535659790039e+00
-4.288568973541259766e+00 8.013774871826171875e+00 -6.579594016075134277e-01 -2.561654472351074219e+01 -2.255047410726547241e-01 -1.392765492200851440e-01
-5.703838348388671875e+00 5.669994831085205078e+00 -5.913534760475158691e-01 -3.096137428283691406e+01 1.730913519859313965e+00 -3.676628768444061279e-01
-6.995311737060546875e+00 2.060350894927978516e+00 -4.631465375423431396e-01 -3.354965591430664062e+01 7.723870754241943359e+00 -5.789842009544372559e-01
-7.756570339202880859e+00 -1.311977952718734741e-01 -2.438294738531112671e-01 -3.417482757568359375e+01 1.239243507385253906e+01 -6.331681609153747559e-01
-7.973086833953857422e+00 -2.923309206962585449e-01 -4.102299734950065613e-02 -3.245544052124023438e+01 1.691148567199707031e+01 -6.750170588493347168e-01
-8.246022224426269531e+00 -4.747764766216278076e-01 -3.654864430427551270e-02 -2.519840621948242188e+01 1.694142532348632812e+01 -5.969815254211425781e-01
-1.031201934814453125e+01 -6.015374064445495605e-01 -9.278994984924793243e-03 -2.287427139282226562e+01 1.814386177062988281e+01 -4.940856993198394775e-01
-1.240699958801269531e+01 -6.449166536331176758e-01 -1.128686126321554184e-02 -1.993462371826171875e+01 1.841080474853515625e+01 -4.333720207214355469e-01
-1.478445720672607422e+01 -5.800046324729919434e-01 -1.883538439869880676e-02 -1.705000877380371094e+01 1.777101516723632812e+01 -2.795592248439788818e-01
-1.666784477233886719e+01 -4.491575658321380615e-01 -1.005055680871009827e-01 -1.454522418975830078e+01 1.611671447753906250e+01 -2.376516610383987427e-01
-2.226711463928222656e+01 -2.360725402832031250e-01 -9.240487217903137207e-02 -8.761332511901855469e+00 1.405023193359375000e+01 -2.761082053184509277e-01
-2.573750877380371094e+01 -1.424459274858236313e-02 -3.253367841243743896e-01 -5.758097171783447266e+00 1.286960887908935547e+01 -1.036493703722953796e-01
-2.852175903320312500e+01 2.869734287261962891e+00 -5.523762106895446777e-01 -3.856463670730590820e+00 1.018691349029541016e+01 -5.722103267908096313e-02
-2.947479248046875000e+01 6.496778011322021484e+00 -6.805908083915710449e-01 -2.394168615341186523e+00 6.943830013275146484e+00 6.490722894668579102e-01
-2.964055252075195312e+01 1.110710906982421875e+01 -7.704107165336608887e-01 -2.135739564895629883e+00 3.389576435089111328e+00 1.748240709304809570e+00
-2.707145118713378906e+01 1.519825363159179688e+01 -1.085564255714416504e+00 -5.903272151947021484e+00 1.032167792320251465e+00 2.542179822921752930e+00
-2.399186515808105469e+01 1.673154067993164062e+01 -9.815775752067565918e-01 -6.944165229797363281e+00 -1.588730514049530029e-01 2.564480304718017578e+00
-1.954849433898925781e+01 1.650104141235351562e+01 -8.307385444641113281e-01 -8.949078559875488281e+00 -3.323009908199310303e-01 2.661277294158935547e+00
-1.539171123504638672e+01 1.538311958312988281e+01 -7.399417757987976074e-01 -1.184363365173339844e+01 -3.443905413150787354e-01 2.570873498916625977e+00
-1.216495704650878906e+01 1.444300651550292969e+01 -6.512170433998107910e-01 -1.549424457550048828e+01 -2.279472798109054565e-01 1.597620964050292969e+00
-7.842938899993896484e+00 1.463630294799804688e+01 -8.473225831985473633e-01 -1.971120834350585938e+01 -4.074837267398834229e-01 6.753706932067871094e-02
-5.683833599090576172e+00 1.189946365356445312e+01 -8.024728894233703613e-01 -2.226304435729980469e+01 -9.968753904104232788e-02 -1.741220988333225250e-02
-5.724602222442626953e+00 8.052684783935546875e+00 -7.637456059455871582e-01 -2.420853233337402344e+01 1.897066473960876465e+00 -2.391601055860519409e-01
-6.502466678619384766e+00 5.696139335632324219e+00 -6.685978770256042480e-01 -2.549873733520507812e+01 5.187034130096435547e+00 -3.182595670223236084e-01
-7.583123207092285156e+00 2.655066967010498047e+00 -6.132635474205017090e-01 -2.575721549987792969e+01 8.141995429992675781e+00 -4.239846765995025635e-01
-8.941421508789062500e+00 1.955285072326660156e+00 -5.729908347129821777e-01 -2.653808403015136719e+01 1.045359706878662109e+01 -5.148791074752807617e-01
-7.726643562316894531e+00 1.315563917160034180e-01 -4.174063205718994141e-01 -2.503599739074707031e+01 1.311249732971191406e+01 -4.059260785579681396e-01
-7.345216274261474609e+00 -2.104299515485763550e-01 -3.810824751853942871e-01 -2.169428062438964844e+01 1.454354572296142578e+01 -3.344448506832122803e-01
-7.765769958496093750e+00 -3.193419575691223145e-01 -3.280777335166931152e-01 -1.737209892272949219e+01 1.494618320465087891e+01 -1.865789443254470825e-01
-9.535127639770507812e+00 -3.150566220283508301e-01 -3.177882432937622070e-01 -1.384653949737548828e+01 1.448107528686523438e+01 -1.539099514484405518e-01
-1.343764686584472656e+01 -3.743070363998413086e-01 -3.230758011341094971e-01 -9.536231040954589844e+00 1.048409843444824219e+01 -4.454095959663391113e-01
-1.633809852600097656e+01 -2.948377430438995361e-01 -4.851361811161041260e-01 -8.736147880554199219e+00 9.457858085632324219e+00 -4.456380903720855713e-01
-2.011253929138183594e+01 -4.005119949579238892e-02 -6.865707039833068848e-01 -8.423757553100585938e+00 8.329728126525878906e+00 -3.282348811626434326e-01
-2.244736671447753906e+01 1.829805135726928711e+00 -8.458930850028991699e-01 -8.299094200134277344e+00 6.583650588989257812e+00 -3.153482377529144287e-01
-2.398990821838378906e+01 3.780177593231201172e+00 -9.282936453819274902e-01 -8.309185981750488281e+00 4.639097690582275391e+00 -3.059291839599609375e-01
-2.351251411437988281e+01 6.406031608581542969e+00 -8.962749838829040527e-01 -7.903430938720703125e+00 3.325472831726074219e+00 -1.489364653825759888e-01
-2.130713462829589844e+01 8.157680511474609375e+00 -8.803429603576660156e-01 -8.602746009826660156e+00 1.956317305564880371e+00 -5.633125454187393188e-02
-1.789730072021484375e+01 9.089412689208984375e+00 -8.837882876396179199e-01 -8.777216911315917969e+00 3.565295934677124023e-01 8.069229125976562500e-02
-1.485118770599365234e+01 9.314664840698242188e+00 -8.596727252006530762e-01 -9.548595428466796875e+00 -1.936518028378486633e-02 2.283554077148437500e-01
-1.356424903869628906e+01 9.012807846069335938e+00 -8.327876925468444824e-01 -1.093363666534423828e+01 -2.138983085751533508e-02 3.328113555908203125e-01
-1.001517009735107422e+01 8.279607772827148438e+00 -6.841134428977966309e-01 -1.546855640411376953e+01 9.119189977645874023e-01 -1.460404396057128906e-01
-9.556229591369628906e+00 7.372278690338134766e+00 -6.507176756858825684e-01 -1.744162178039550781e+01 2.067008495330810547e+00 -2.152058631181716919e-01
-9.078357696533203125e+00 6.292700290679931641e+00 -6.683074831962585449e-01 -1.983402061462402344e+01 3.879930019378662109e+00 -3.701356053352355957e-01
-9.701923370361328125e+00 5.178386211395263672e+00 -5.256724953651428223e-01 -2.140156745910644531e+01 6.290890216827392578e+00 -4.783158302307128906e-01
-8.895404815673828125e+00 2.155514240264892578e+00 -4.800477623939514160e-01 -2.156898689270019531e+01 8.927055358886718750e+00 -5.757245421409606934e-01
-9.638730049133300781e+00 -2.230076342821121216e-01 -2.004514038562774658e-01 -2.504728889465332031e+01 1.302025222778320312e+01 -8.193250894546508789e-01
-8.666360855102539062e+00 -3.595268726348876953e-01 -1.449915170669555664e-01 -2.307293891906738281e+01 1.493274402618408203e+01 -8.464708328247070312e-01
-7.568829536437988281e+00 -4.998103678226470947e-01 -1.270890533924102783e-01 -2.001259613037109375e+01 1.727806282043457031e+01 -7.014538645744323730e-01
-7.245275974273681641e+00 -7.493515610694885254e-01 -7.418931275606155396e-02 -1.631018257141113281e+01 1.747408866882324219e+01 -7.126944661140441895e-01
-8.084790229797363281e+00 -7.324411273002624512e-01 -5.367005616426467896e-02 -1.340149116516113281e+01 1.774526786804199219e+01 -5.643884539604187012e-01
-1.020066452026367188e+01 -7.599470019340515137e-01 -2.873282730579376221e-01 -9.190051078796386719e+00 1.616680526733398438e+01 -2.795998156070709229e-01
-1.542543983459472656e+01 -6.998109221458435059e-01 -4.786162078380584717e-01 -7.642289161682128906e+00 1.494991588592529297e+01 -3.232809603214263916e-01
-2.145226287841796875e+01 -3.650846481323242188e-01 -6.733815073966979980e-01 -7.592838287353515625e+00 1.254871273040771484e+01 -2.107163965702056885e-01
-2.634403991699218750e+01 3.876233100891113281e-01 -8.612912297248840332e-01 -8.032603263854980469e+00 1.041223907470703125e+01 -1.566915959119796753e-01
-2.852012634277343750e+01 3.234158039093017578e+00 -9.815613627433776855e-01 -8.002506256103515625e+00 6.861853122711181641e+00 -1.179339885711669922e-01
-3.139346694946289062e+01 1.127904129028320312e+01 -1.451426267623901367e+00 -8.482068061828613281e+00 1.506238341331481934e+00 2.054197072982788086e+00
-3.061501884460449219e+01 1.596833038330078125e+01 -1.565311908721923828e+00 -7.549312591552734375e+00 -2.361584156751632690e-01 4.598504543304443359e+00
-2.579294776916503906e+01 1.919241333007812500e+01 -1.420786738395690918e+00 -6.475623607635498047e+00 -5.747262239456176758e-01 4.884835243225097656e+00
-1.884211540222167969e+01 2.008437728881835938e+01 -1.218513607978820801e+00 -6.949819087982177734e+00 -8.480977416038513184e-01 5.327968597412109375e+00
-1.260805797576904297e+01 2.087136650085449219e+01 -1.137433528900146484e+00 -9.509413719177246094e+00 -8.039020895957946777e-01 5.578174591064453125e+00
-7.702929973602294922e+00 1.939869880676269531e+01 -1.061628937721252441e+00 -1.693665122985839844e+01 -6.226915717124938965e-01 5.296508312225341797e+00
-5.642248630523681641e+00 1.806128120422363281e+01 -9.724270105361938477e-01 -2.204903221130371094e+01 -4.099448323249816895e-01 3.432170867919921875e+00
-3.021735906600952148e+00 1.477410507202148438e+01 -6.436548829078674316e-01 -2.695844078063964844e+01 -6.461262702941894531e-03 7.238759994506835938e-01
-5.588713288307189941e-01 1.066650772094726562e+01 -3.608320653438568115e-01 -3.138902091979980469e+01 4.861000061035156250e+00 -1.881230324506759644e-01
1.310325813293457031e+01 6.158500671386718750e+00 -1.601579934358596802e-01 -3.407727050781250000e+01 1.059370708465576172e+01 -3.127139210700988770e-01
2.474874305725097656e+01 -2.725472487509250641e-02 4.236008524894714355e-01 -3.365349197387695312e+01 1.620618247985839844e+01 -4.825654029846191406e-01
2.153690528869628906e+01 -3.322669565677642822e-01 2.319616079330444336e+00 -3.110556411743164062e+01 1.873762893676757812e+01 -7.051813006401062012e-01
6.171655178070068359e+00 -6.208132505416870117e-01 3.677181005477905273e+00 -2.879808425903320312e+01 2.208657836914062500e+01 -6.649670004844665527e-01
-2.482457637786865234e+00 -8.174678683280944824e-01 2.926896810531616211e+00 -2.567378807067871094e+01 2.294379043579101562e+01 -4.307528436183929443e-01
-5.756841182708740234e+00 -7.226938605308532715e-01 2.578290700912475586e+00 -2.217202568054199219e+01 2.244359970092773438e+01 -2.323071509599685669e-01
-1.165011501312255859e+01 -7.015559673309326172e-01 1.621206998825073242e+00 -1.268189144134521484e+01 2.191763305664062500e+01 -3.419811129570007324e-01
-1.671148300170898438e+01 -6.311747431755065918e-01 -1.012509502470493317e-02 -8.748685836791992188e+00 2.126927947998046875e+01 -3.767894208431243896e-01
-2.146160697937011719e+01 -5.184416770935058594e-01 -2.055416405200958252e-01 -6.313544273376464844e+00 2.037817764282226562e+01 -2.930370569229125977e-01
-2.574435806274414062e+01 -1.932163536548614502e-01 -3.486704230308532715e-01 -4.417306900024414062e+00 1.809609794616699219e+01 -2.215864956378936768e-01
-2.771325492858886719e+01 2.834535121917724609e+00 -4.353010654449462891e-01 -2.639294385910034180e+00 1.519542217254638672e+01 -8.972008526325225830e-02
-2.969003105163574219e+01 6.765722751617431641e+00 -7.370471358299255371e-01 -4.717103481292724609e+00 1.126085758209228516e+01 1.206112861633300781e+00
-2.921345520019531250e+01 1.192796707153320312e+01 -8.314602971076965332e-01 -4.690591335296630859e+00 7.449948787689208984e+00 4.627745151519775391e+00
-2.647742652893066406e+01 1.580249977111816406e+01 -8.091723322868347168e-01 -3.876863956451416016e+00 1.984154105186462402e+00 6.039023399353027344e+00
-2.142351913452148438e+01 1.881891822814941406e+01 -6.451827883720397949e-01 -4.723094463348388672e+00 -1.452422738075256348e-01 6.876104354858398438e+00
-1.574669837951660156e+01 1.940073585510253906e+01 -6.352809667587280273e-01 -7.711061000823974609e+00 -3.538617789745330811e-01 5.997080326080322266e+00
-8.466354370117187500e+00 1.778475379943847656e+01 -7.049888968467712402e-01 -1.404423713684082031e+01 -4.125785529613494873e-01 5.945322990417480469e+00
-6.146211147308349609e+00 1.687295913696289062e+01 -6.162704825401306152e-01 -1.828908920288085938e+01 -3.893298804759979248e-01 3.924715995788574219e+00
-4.106118679046630859e+00 1.463401031494140625e+01 -5.274413824081420898e-01 -2.291526985168457031e+01 -8.640219271183013916e-02 1.920877933502197266e+00
-2.436215162277221680e+00 1.179171752929687500e+01 -5.081470012664794922e-01 -2.685370826721191406e+01 3.018925666809082031e+00 4.279588460922241211e-01
-9.793211221694946289e-01 7.758701801300048828e+00 -3.955230116844177246e-01 -2.883016395568847656e+01 7.422918796539306641e+00 -5.793432146310806274e-02
-5.543478727340698242e-01 3.889373302459716797e+00 -5.572522431612014771e-02 -2.724435234069824219e+01 1.208276462554931641e+01 -1.628180295228958130e-01
-8.097997903823852539e-01 3.956060409545898438e-01 3.287374377250671387e-01 -2.634349060058593750e+01 1.539548969268798828e+01 -2.688570916652679443e-01
-1.728006601333618164e+00 -3.041139245033264160e-01 1.348965883255004883e+00 -2.534444046020507812e+01 1.858113670349121094e+01 -3.795737922191619873e-01
-3.347718000411987305e+00 -5.222166180610656738e-01 1.009434938430786133e+00 -2.312244796752929688e+01 2.052712631225585938e+01 -4.908754527568817139e-01
-4.587220191955566406e+00 -6.592727303504943848e-01 1.183820009231567383e+00 -2.017103767395019531e+01 2.112622833251953125e+01 -4.936269819736480713e-01
-8.444827079772949219e+00 -6.925528049468994141e-01 -4.371455311775207520e-02 -1.613243865966796875e+01 2.003584098815917969e+01 -2.656224370002746582e-01
-1.267585468292236328e+01 -6.380171775817871094e-01 -1.642384380102157593e-01 -1.418553352355957031e+01 2.007818412780761719e+01 -1.543998271226882935e-01
-1.731792640686035156e+01 -4.776104092597961426e-01 -3.821721971035003662e-01 -1.287368488311767578e+01 1.903338241577148438e+01 -1.561349928379058838e-01
-2.147332191467285156e+01 -1.672937273979187012e-01 -5.688652992248535156e-01 -1.159768199920654297e+01 1.752154350280761719e+01 -1.931247264146804810e-01
-2.314542579650878906e+01 9.695243835449218750e-01 -6.855033040046691895e-01 -1.018386840820312500e+01 1.464280033111572266e+01 -1.825791150331497192e-01
-2.490219688415527344e+01 6.453724384307861328e+00 -1.286709785461425781e+00 -7.463746070861816406e+00 1.100429821014404297e+01 1.718208789825439453e-01
-2.685830116271972656e+01 1.013537216186523438e+01 -1.204560518264770508e+00 -6.189016342163085938e+00 7.977204799652099609e+00 2.029693841934204102e+00
-2.500957107543945312e+01 1.411559677124023438e+01 -1.014532685279846191e+00 -5.288933753967285156e+00 4.470510005950927734e+00 3.385278701782226562e+00
-2.173833656311035156e+01 1.655620956420898438e+01 -9.662122726440429688e-01 -5.016597747802734375e+00 1.443507313728332520e+00 3.962837219238281250e+00
-1.816091346740722656e+01 1.870051002502441406e+01 -9.046725630760192871e-01 -4.707028865814208984e+00 -2.062896341085433960e-01 5.023530960083007812e+00
-1.341009044647216797e+01 2.139243888854980469e+01 -9.535862207412719727e-01 -1.072878551483154297e+01 -3.251241743564605713e-01 3.953375339508056641e+00
-1.195212745666503906e+01 1.941492271423339844e+01 -1.006245017051696777e+00 -1.489416694641113281e+01 -1.586619019508361816e-01 2.655647277832031250e+00
-1.134457492828369141e+01 1.747931671142578125e+01 -9.451485872268676758e-01 -1.771739959716796875e+01 2.098356246948242188e+00 1.675102949142456055e+00
-1.103409957885742188e+01 1.406099891662597656e+01 -7.148622274398803711e-01 -1.908353996276855469e+01 5.491165637969970703e+00 8.586182594299316406e-01
-1.048320484161376953e+01 1.074081230163574219e+01 -4.855084121227264404e-01 -1.810467529296875000e+01 9.783349037170410156e+00 7.014327049255371094e-01
