-1.822821855545043945e+00 -8.650714755058288574e-01 8.999164581298828125e+00 -2.148228168487548828e+00 2.570431327819824219e+01 1.231038570404052734e-02
-6.039184570312500000e+00 -1.248235583305358887e+00 5.702976703643798828e+00 -1.421922683715820312e+00 2.491478729248046875e+01 -5.412229523062705994e-02
-1.700191879272460938e+01 -1.314963579177856445e+00 1.339136958122253418e-01 -3.597590684890747070e+00 2.235584259033203125e+01 -2.751960754394531250e-01
-3.115592956542968750e+01 -7.502774000167846680e-01 -6.067985296249389648e-01 -5.214736938476562500e+00 2.001583480834960938e+01 -7.416129228658974171e-04
-4.484318542480468750e+01 -1.062898188829421997e-01 -1.190290331840515137e+00 -5.599008083343505859e+00 1.526536273956298828e+01 2.475172281265258789e-01
-5.841756057739257812e+01 9.134502410888671875e+00 -1.898630023002624512e+00 -6.154054641723632812e+00 8.873564720153808594e+00 1.254793882369995117e+00
-5.827236938476562500e+01 2.001128959655761719e+01 -1.646619677543640137e+00 -5.650557994842529297e+00 2.551926136016845703e+00 4.139236450195312500e+00
-4.937218475341796875e+01 2.796969604492187500e+01 -9.696426391601562500e-01 -3.814435720443725586e+00 -4.469401836395263672e-01 6.419342994689941406e+00
-3.423484420776367188e+01 3.084747123718261719e+01 -5.297348499298095703e-01 -2.553477287292480469e+00 -9.302579760551452637e-01 9.393531799316406250e+00
-1.812443733215332031e+01 2.970830917358398438e+01 -2.515978515148162842e-01 -2.738601922988891602e+00 -1.253742456436157227e+00 1.169678497314453125e+01
-6.973506927490234375e+00 2.690254974365234375e+01 -3.533054590225219727e-01 -5.625821590423583984e+00 -1.514595627784729004e+00 1.065488243103027344e+01
-2.131755113601684570e+00 2.649672889709472656e+01 -5.288755893707275391e-01 -9.880732536315917969e+00 -1.662283182144165039e+00 9.563695907592773438e+00
-1.256853938102722168e+00 2.515849494934082031e+01 -8.021451234817504883e-01 -1.767715263366699219e+01 -1.718838572502136230e+00 6.165705204010009766e+00
-3.057968378067016602e+00 2.421844863891601562e+01 -1.014708757400512695e+00 -2.746278381347656250e+01 -1.443354964256286621e+00 -6.748676300048828125e-02
-4.621495246887207031e+00 2.132475852966308594e+01 -1.037609696388244629e+00 -3.648157501220703125e+01 -1.009288311004638672e+00 -4.467131197452545166e-01
-3.792182207107543945e+00 1.428668212890625000e+01 -5.171070098876953125e-01 -4.717671203613281250e+01 3.888255596160888672e+00 -7.398822307586669922e-01
-2.108286380767822266e+00 7.293910503387451172e+00 -1.661494076251983643e-01 -4.968398666381835938e+01 1.184904003143310547e+01 -9.926666617393493652e-01
-5.150050520896911621e-01 9.813427925109863281e-01 1.979824900627136230e-01 -4.596241760253906250e+01 1.936896896362304688e+01 -7.883422970771789551e-01
2.270539760589599609e+00 -4.857941269874572754e-01 7.489630579948425293e-01 -3.863689804077148438e+01 2.360985183715820312e+01 -4.201292693614959717e-01
-1.298951745033264160e+00 -8.959783911705017090e-01 1.234889745712280273e+00 -3.011549377441406250e+01 2.532122802734375000e+01 -3.175885677337646484e-01
-3.705080509185791016e+00 -7.947918176651000977e-01 1.767668485641479492e+00 -1.724081993103027344e+01 2.144171714782714844e+01 -5.047714114189147949e-01
-7.097110748291015625e+00 -1.178322196006774902e+00 6.618906855583190918e-01 -1.230482387542724609e+01 2.323744010925292969e+01 -6.294122934341430664e-01
-1.424396419525146484e+01 -1.351144194602966309e+00 -2.711740732192993164e-01 -1.022554874420166016e+01 2.291791725158691406e+01 -6.206592917442321777e-01
-2.414279174804687500e+01 -1.116457223892211914e+00 -7.267539501190185547e-01 -9.242249488830566406e+00 2.118707656860351562e+01 -5.313704609870910645e-01
-3.400097274780273438e+01 -5.207595825195312500e-01 -9.752371907234191895e-01 -8.443797111511230469e+00 1.779263877868652344e+01 -3.675221502780914307e-01
-4.824401855468750000e+01 4.876824855804443359e+00 -1.502695202827453613e+00 -1.028547477722167969e+01 1.136195468902587891e+01 -9.716344065964221954e-03
-4.958372116088867188e+01 1.212545013427734375e+01 -1.511064052581787109e+00 -7.958970546722412109e+00 7.438305377960205078e+00 3.346345901489257812e+00
-4.519959640502929688e+01 1.881632041931152344e+01 -1.459272146224975586e+00 -3.150471925735473633e+00 1.169066786766052246e+00 6.423274993896484375e+00
-3.703604888916015625e+01 2.302181625366210938e+01 -1.347373723983764648e+00 1.071778297424316406e+01 -4.657120406627655029e-01 6.787800788879394531e+00
-2.897006607055664062e+01 2.463279342651367188e+01 -1.380803465843200684e+00 2.189266014099121094e+01 -9.479214549064636230e-01 7.537019729614257812e+00
-1.899974632263183594e+01 2.581508636474609375e+01 -1.877772331237792969e+00 -4.349538981914520264e-01 -1.499068975448608398e+00 8.087378501892089844e+00
-1.627286148071289062e+01 2.693128204345703125e+01 -2.005332231521606445e+00 -7.626003265380859375e+00 -1.645217895507812500e+00 6.658426284790039062e+00
-1.447299861907958984e+01 2.689562988281250000e+01 -2.030803203582763672e+00 -1.608434867858886719e+01 -1.477208495140075684e+00 3.996845245361328125e+00
-1.294925117492675781e+01 2.391128349304199219e+01 -1.811593294143676758e+00 -2.515563011169433594e+01 -1.080907225608825684e+00 -2.557971514761447906e-02
-1.162375545501708984e+01 2.053406715393066406e+01 -1.562853574752807617e+00 -3.321142959594726562e+01 -4.438196718692779541e-01 -3.345840573310852051e-01
-6.430648803710937500e+00 1.604439353942871094e+01 -7.832567691802978516e-01 -4.121426010131835938e+01 1.726222395896911621e+00 -5.536813735961914062e-01
-3.364483356475830078e+00 1.073301887512207031e+01 -4.433715343475341797e-01 -4.290017318725585938e+01 8.247943878173828125e+00 -6.750361323356628418e-01
-5.353195667266845703e-01 6.000894069671630859e+00 -2.245265245437622070e-01 -4.034551239013671875e+01 1.460894775390625000e+01 -5.619819164276123047e-01
1.282796287536621094e+01 -6.821775343269109726e-03 -9.512246400117874146e-02 -3.429963302612304688e+01 1.875241851806640625e+01 -3.033677339553833008e-01
1.391753959655761719e+01 -5.079345107078552246e-01 1.595723032951354980e-01 -2.713038063049316406e+01 2.091017150878906250e+01 -1.955821961164474487e-01
-2.184423506259918213e-01 -8.253998160362243652e-01 1.506566524505615234e+00 -1.812981796264648438e+01 2.057393074035644531e+01 -6.225153207778930664e-01
-2.903880119323730469e+00 -1.115267753601074219e+00 6.754710078239440918e-01 -1.562109565734863281e+01 2.094789123535156250e+01 -9.441034197807312012e-01
-9.306757926940917969e+00 -1.171276330947875977e+00 -1.854483932256698608e-01 -1.553232765197753906e+01 2.206370162963867188e+01 -9.036571383476257324e-01
-1.780365753173828125e+01 -1.023384332656860352e+00 -4.863255918025970459e-01 -1.522646331787109375e+01 2.144838333129882812e+01 -7.136905193328857422e-01
-2.487330245971679688e+01 -6.298380494117736816e-01 -6.405336260795593262e-01 -1.424849891662597656e+01 2.073392295837402344e+01 -5.662485957145690918e-01
-3.929668426513671875e+01 1.802023410797119141e+00 -1.356660008430480957e+00 -1.463027858734130859e+01 1.764449882507324219e+01 -1.379742175340652466e-01
-4.338851165771484375e+01 7.156419277191162109e+00 -1.311642885208129883e+00 -1.389256763458251953e+01 1.516015148162841797e+01 1.409014701843261719e+00
-4.176681137084960938e+01 1.335725402832031250e+01 -1.102539777755737305e+00 -1.071295452117919922e+01 1.109797668457031250e+01 2.871710777282714844e+00
-3.578229904174804688e+01 1.736104011535644531e+01 -8.568745851516723633e-01 -7.058158397674560547e+00 7.117615222930908203e+00 4.029252052307128906e+00
-2.922009658813476562e+01 1.808238029479980469e+01 -8.570162653923034668e-01 -3.522701025009155273e+00 3.080981731414794922e+00 5.593190193176269531e+00
-1.442335796356201172e+01 1.760340309143066406e+01 -7.541951537132263184e-01 -1.069683670997619629e+00 -4.377614557743072510e-01 7.773615837097167969e+00
-9.043367385864257812e+00 1.777482795715332031e+01 -8.621559143066406250e-01 -1.203765273094177246e+00 -8.950209617614746094e-01 8.042787551879882812e+00
-7.319238185882568359e+00 1.757859230041503906e+01 -1.070735335350036621e+00 -5.726263523101806641e+00 -1.027912259101867676e+00 6.460615158081054688e+00
-8.457802772521972656e+00 1.628250694274902344e+01 -1.111567258834838867e+00 -1.299973964691162109e+01 -8.672366142272949219e-01 4.036885261535644531e+00
-1.059352397918701172e+01 1.484470939636230469e+01 -9.768514037132263184e-01 -2.081893157958984375e+01 -4.809662401676177979e-01 7.555229663848876953e-01
-1.102328586578369141e+01 1.185728454589843750e+01 -6.594665646553039551e-01 -3.234529113769531250e+01 1.202237486839294434e+00 -3.665124475955963135e-01
-8.770975112915039062e+00 8.829618453979492188e+00 -5.782475471496582031e-01 -3.639518356323242188e+01 6.386344909667968750e+00 -5.204561352729797363e-01
-7.114997863769531250e+00 5.177966594696044922e+00 -4.908883273601531982e-01 -3.706646347045898438e+01 1.152105045318603516e+01 -4.952099025249481201e-01
-6.053962707519531250e+00 1.940918684005737305e+00 -4.050066471099853516e-01 -3.499079513549804688e+01 1.580687999725341797e+01 -3.270886838436126709e-01
-6.563359260559082031e+00 -1.658528596162796021e-01 -3.101421594619750977e-01 -3.044953346252441406e+01 1.844557762145996094e+01 -2.366014271974563599e-01
-7.460868835449218750e+00 -6.789700388908386230e-01 3.326648473739624023e-02 -2.106896209716796875e+01 2.157907104492187500e+01 -1.021975800395011902e-01
-6.281874179840087891e+00 -9.403118491172790527e-01 1.555178165435791016e+00 -1.518196296691894531e+01 2.152410316467285156e+01 -2.370139658451080322e-01
-8.335293769836425781e+00 -1.031254410743713379e+00 9.773964285850524902e-01 -1.150627899169921875e+01 2.045467948913574219e+01 -3.212010860443115234e-01
-1.300859355926513672e+01 -9.436159133911132812e-01 -1.652918308973312378e-01 -1.032658672332763672e+01 1.852446174621582031e+01 -7.828430533409118652e-01
-1.860918045043945312e+01 -8.483933806419372559e-01 -4.068870246410369873e-01 -1.242385482788085938e+01 1.599011898040771484e+01 -1.034239411354064941e+00
-3.078921318054199219e+01 -4.439527094364166260e-01 -9.881008267402648926e-01 -1.342082214355468750e+01 1.489494037628173828e+01 -4.082611501216888428e-01
-3.605224227905273438e+01 4.478378295898437500e-01 -1.026349663734436035e+00 -1.003220272064208984e+01 1.222107219696044922e+01 -1.868269443511962891e-01
-3.940004348754882812e+01 6.503088474273681641e+00 -1.090188622474670410e+00 -7.062436580657958984e+00 8.429926872253417969e+00 2.931404113769531250e-01
-3.943967819213867188e+01 1.185251808166503906e+01 -1.038668632507324219e+00 -4.417081356048583984e+00 4.333359718322753906e+00 2.480340480804443359e+00
-3.677547836303710938e+01 1.528057479858398438e+01 -1.030508041381835938e+00 -2.641762018203735352e+00 -5.731770023703575134e-02 4.090394973754882812e+00
-2.075778198242187500e+01 2.000399971008300781e+01 -5.118144750595092773e-01 -7.519285082817077637e-01 -6.892389655113220215e-01 5.564625740051269531e+00
-1.115903377532958984e+01 1.935642433166503906e+01 -8.509740829467773438e-01 -1.627170443534851074e+00 -9.876837134361267090e-01 5.984933853149414062e+00
-5.671655178070068359e+00 1.750956344604492188e+01 -1.194899916648864746e+00 -6.357255458831787109e+00 -1.247080206871032715e+00 5.444356918334960938e+00
-3.965661764144897461e+00 1.497163391113281250e+01 -1.463277101516723633e+00 -1.436913776397705078e+01 -1.138800859451293945e+00 1.282479286193847656e+00
-4.245193481445312500e+00 1.131306457519531250e+01 -1.645774126052856445e+00 -2.368706321716308594e+01 -7.557813525199890137e-01 -1.887695342302322388e-01
-1.038045024871826172e+01 8.656892776489257812e+00 -1.388493180274963379e+00 -3.724541473388671875e+01 4.415774822235107422e+00 -3.679292500019073486e-01
-9.036236763000488281e+00 6.773963451385498047e+00 -1.220984339714050293e+00 -3.877666473388671875e+01 7.776166439056396484e+00 -5.602017641067504883e-01
-7.152130126953125000e+00 2.211368799209594727e+00 -8.293663263320922852e-01 -3.888246154785156250e+01 1.285206604003906250e+01 -6.720051765441894531e-01
-6.270175457000732422e+00 -6.990146636962890625e-02 -5.720322132110595703e-01 -3.709692764282226562e+01 1.612919235229492188e+01 -4.725897908210754395e-01
-6.250360012054443359e+00 -2.983191311359405518e-01 -4.617682099342346191e-01 -3.324912643432617188e+01 2.063813400268554688e+01 -2.340263128280639648e-01
-3.811780691146850586e+00 -5.876519083976745605e-01 3.320395946502685547e-03 -2.308203887939453125e+01 2.099983596801757812e+01 -1.893732398748397827e-01
-2.974483251571655273e+00 -8.781208395957946777e-01 -3.674805338960140944e-04 -1.641518974304199219e+01 2.227811431884765625e+01 -8.871666342020034790e-02
-5.039474010467529297e+00 -1.158107042312622070e+00 -2.255919724702835083e-01 -1.136623764038085938e+01 2.176260757446289062e+01 -9.954656660556793213e-02
-1.059603214263916016e+01 -1.113538742065429688e+00 -4.679708182811737061e-01 -8.170161247253417969e+00 1.979437637329101562e+01 -2.748560905456542969e-01
-1.796847915649414062e+01 -7.386596798896789551e-01 -7.205617427825927734e-01 -7.961956024169921875e+00 1.665260505676269531e+01 -4.139107167720794678e-01
-3.006926918029785156e+01 -3.669294416904449463e-01 -1.348842144012451172e+00 -1.019923686981201172e+01 1.537563037872314453e+01 -4.023260176181793213e-01
-3.780357742309570312e+01 9.923434257507324219e-01 -1.360692739486694336e+00 -9.800808906555175781e+00 1.307161235809326172e+01 -2.126939296722412109e-01
-4.156982040405273438e+01 6.984610080718994141e+00 -1.312122106552124023e+00 -8.138816833496093750e+00 9.876562118530273438e+00 -5.764935165643692017e-02
-4.020315170288085938e+01 1.170828628540039062e+01 -1.136627316474914551e+00 -5.687407016754150391e+00 6.481361865997314453e+00 1.449534416198730469e+00
-3.607777023315429688e+01 1.513242721557617188e+01 -1.026381969451904297e+00 -3.208688020706176758e+00 2.382374286651611328e+00 3.491371631622314453e+00
-2.517575645446777344e+01 2.303291511535644531e+01 -8.122498393058776855e-01 -2.836492776870727539e+00 -8.305103182792663574e-01 4.300655364990234375e+00
-1.869330787658691406e+01 2.288742828369140625e+01 -8.305617570877075195e-01 -7.408411502838134766e+00 -1.091240763664245605e+00 3.977766036987304688e+00
-1.208022022247314453e+01 2.238348579406738281e+01 -7.762115001678466797e-01 -1.180974006652832031e+01 -1.198734402656555176e+00 3.661709308624267578e+00
-5.871516704559326172e+00 1.848101997375488281e+01 -8.188228011131286621e-01 -1.708892059326171875e+01 -1.024361968040466309e+00 2.110930919647216797e+00
-2.448601484298706055e+00 1.436423110961914062e+01 -7.646453380584716797e-01 -2.222248649597167969e+01 -6.430263519287109375e-01 2.515125274658203125e-01
-3.216974020004272461e+00 6.557898044586181641e+00 -3.507502973079681396e-01 -3.111567687988281250e+01 4.519079685211181641e+00 -3.116382062435150146e-01
-4.245593547821044922e+00 4.091946601867675781e+00 -2.622827887535095215e-01 -3.527816009521484375e+01 8.764432907104492188e+00 -4.752106666564941406e-01
-5.187644958496093750e+00 6.801033020019531250e-02 -1.485445350408554077e-01 -3.638200759887695312e+01 1.430491256713867188e+01 -6.480527520179748535e-01
-5.823092937469482422e+00 -3.119345009326934814e-01 3.298508524894714355e-01 -3.574803543090820312e+01 1.828325271606445312e+01 -6.686161756515502930e-01
-6.491646766662597656e+00 -4.187036454677581787e-01 1.544211149215698242e+00 -3.348987579345703125e+01 2.204464530944824219e+01 -6.885085701942443848e-01
-8.136852264404296875e+00 -6.832161545753479004e-01 2.152621150016784668e-01 -2.475761032104492188e+01 2.126106643676757812e+01 -5.335248112678527832e-01
-1.158558273315429688e+01 -8.238579034805297852e-01 1.951081156730651855e-01 -2.093472290039062500e+01 2.210860443115234375e+01 -3.907781243324279785e-01
-1.537119007110595703e+01 -8.160843849182128906e-01 -5.696357041597366333e-02 -1.699152374267578125e+01 2.121927261352539062e+01 -2.858957946300506592e-01
-1.933995628356933594e+01 -6.193177103996276855e-01 -1.557901650667190552e-01 -1.351891040802001953e+01 1.937978172302246094e+01 -6.117675453424453735e-02
-2.240053939819335938e+01 -3.269383609294891357e-01 -2.940227687358856201e-01 -1.092079257965087891e+01 1.583182811737060547e+01 -1.076631527394056320e-02
-2.926636123657226562e+01 2.239287853240966797e+00 -3.955657184123992920e-01 -6.292674541473388672e+00 1.019768428802490234e+01 -3.840916231274604797e-02
-3.263059616088867188e+01 5.926382064819335938e+00 -6.324217319488525391e-01 -4.898396968841552734e+00 8.009716987609863281e+00 1.227612495422363281e+00
-3.449367904663085938e+01 1.022864151000976562e+01 -8.122860789299011230e-01 -4.635385990142822266e+00 4.949086666107177734e+00 1.581238269805908203e+00
-3.378862380981445312e+01 1.405929374694824219e+01 -8.467486500740051270e-01 -4.472311496734619141e+00 1.934625983238220215e+00 2.717885017395019531e+00
-3.189586830139160156e+01 1.779671287536621094e+01 -8.520245552062988281e-01 -4.931878566741943359e+00 -8.393599092960357666e-02 3.784956932067871094e+00
-2.533729553222656250e+01 2.225628662109375000e+01 -1.087294340133666992e+00 -9.641118049621582031e+00 -3.702006936073303223e-01 4.762893676757812500e+00
-2.018607330322265625e+01 2.278341484069824219e+01 -9.396605491638183594e-01 -1.180996513366699219e+01 -5.386807918548583984e-01 3.962086677551269531e+00
-1.445656299591064453e+01 2.082076263427734375e+01 -7.182239890098571777e-01 -1.497592639923095703e+01 -5.306608080863952637e-01 3.246875286102294922e+00
-9.897124290466308594e+00 1.773457145690917969e+01 -5.629302859306335449e-01 -1.876209831237792969e+01 -3.549338877201080322e-01 2.739796161651611328e+00
-7.012760162353515625e+00 1.527751731872558594e+01 -4.296002388000488281e-01 -2.295418548583984375e+01 -8.449375629425048828e-03 1.549940586090087891e+00
-3.814945936203002930e+00 1.259735298156738281e+01 -5.319063067436218262e-01 -2.811546134948730469e+01 2.190444469451904297e+00 -1.056456565856933594e-01
-2.363446712493896484e+00 8.625059127807617188e+00 -4.402570724487304688e-01 -3.067874145507812500e+01 7.203044414520263672e+00 -1.365215033292770386e-01
-3.202431440353393555e+00 3.442323684692382812e+00 -3.639011085033416748e-01 -3.166254043579101562e+01 1.151685237884521484e+01 -3.649790585041046143e-01
-4.753752231597900391e+00 6.044857501983642578e-01 -2.585359811782836914e-01 -3.119442558288574219e+01 1.544593524932861328e+01 -4.081740379333496094e-01
-6.539454936981201172e+00 -2.642953395843505859e-01 -2.164322137832641602e-01 -2.929497718811035156e+01 1.832548522949218750e+01 -4.722679257392883301e-01
-1.064870357513427734e+01 -4.291300773620605469e-01 -3.491275310516357422e-01 -2.613217163085937500e+01 2.045597457885742188e+01 -5.803017020225524902e-01
-1.171545791625976562e+01 -5.232629776000976562e-01 -2.270263284444808960e-01 -2.265437698364257812e+01 2.193883514404296875e+01 -3.962707221508026123e-01
-1.300965309143066406e+01 -6.009992361068725586e-01 -2.688835561275482178e-01 -1.797259712219238281e+01 2.148064422607421875e+01 -2.532095015048980713e-01
-1.447062683105468750e+01 -5.024002194404602051e-01 -3.001539707183837891e-01 -1.295923328399658203e+01 1.977513122558593750e+01 -5.998778343200683594e-02
-1.663717079162597656e+01 -2.600941359996795654e-01 -3.317053318023681641e-01 -9.413939476013183594e+00 1.688474273681640625e+01 -4.708290216512978077e-04
-2.114658546447753906e+01 -1.160567775368690491e-01 -4.487518966197967529e-01 -4.513906002044677734e+00 1.031392478942871094e+01 -2.632232606410980225e-01
-2.480776977539062500e+01 6.553549766540527344e-01 -6.633160114288330078e-01 -2.737351179122924805e+00 7.877254009246826172e+00 -2.422391027212142944e-01
-2.906833267211914062e+01 4.701519489288330078e+00 -9.459671378135681152e-01 -2.119264364242553711e+00 4.964375019073486328e+00 -6.926708668470382690e-02
-3.156731605529785156e+01 8.351060867309570312e+00 -1.184008836746215820e+00 -2.301509141921997070e+00 1.661851286888122559e+00 -6.760110706090927124e-02
-3.302093124389648438e+01 1.162455749511718750e+01 -1.309966683387756348e+00 -3.153861999511718750e+00 -1.748100966215133667e-01 -5.437317118048667908e-02
-2.835494804382324219e+01 1.730261039733886719e+01 -1.296868085861206055e+00 -5.186645984649658203e+00 -5.898334383964538574e-01 1.649300575256347656e+00
-2.325076484680175781e+01 1.840376663208007812e+01 -1.280141949653625488e+00 -7.740857124328613281e+00 -7.383685708045959473e-01 2.314751625061035156e+00
-1.772352409362792969e+01 1.806768035888671875e+01 -1.238394856452941895e+00 -9.868604660034179688e+00 -8.053451776504516602e-01 2.092441558837890625e+00
-1.343205165863037109e+01 1.631292724609375000e+01 -1.163538694381713867e+00 -1.265931892395019531e+01 -6.751872897148132324e-01 1.643993377685546875e+00
-1.177731227874755859e+01 1.367834091186523438e+01 -1.094848513603210449e+00 -1.563686084747314453e+01 -4.124852716922760010e-01 8.385334014892578125e-01
-9.041331291198730469e+00 9.760284423828125000e+00 -7.220742106437683105e-01 -2.208121681213378906e+01 1.799113631248474121e+00 -1.991437971591949463e-01
-8.270251274108886719e+00 8.364299774169921875e+00 -6.243116855621337891e-01 -2.473488235473632812e+01 3.590901851654052734e+00 -3.010834753513336182e-01
-7.099551677703857422e+00 6.652965068817138672e+00 -5.575541257858276367e-01 -2.728787612915039062e+01 6.172575473785400391e+00 -4.628516137599945068e-01
-6.927078247070312500e+00 4.811185359954833984e+00 -3.813685774803161621e-01 -2.840901184082031250e+01 9.401098251342773438e+00 -5.395454764366149902e-01
-5.419622898101806641e+00 4.550509452819824219e-01 -3.221515119075775146e-01 -2.764845275878906250e+01 1.252055454254150391e+01 -6.367369890213012695e-01
-6.960116863250732422e+00 -6.794610619544982910e-01 7.753435969352722168e-01 -2.976702880859375000e+01 1.887266159057617188e+01 -9.499763846397399902e-01
-7.084053039550781250e+00 -9.025877118110656738e-01 1.429535627365112305e+00 -2.636419105529785156e+01 2.147537231445312500e+01 -9.987649917602539062e-01
-7.407298564910888672e+00 -1.073107719421386719e+00 1.074165105819702148e+00 -2.180574607849121094e+01 2.395359039306640625e+01 -8.160187005996704102e-01
-8.698402404785156250e+00 -1.289752960205078125e+00 8.082129359245300293e-01 -1.659258651733398438e+01 2.344952011108398438e+01 -8.294950723648071289e-01
-1.102183437347412109e+01 -1.139818549156188965e+00 5.555750727653503418e-01 -1.269662570953369141e+01 2.245726013183593750e+01 -6.495352387428283691e-01
-1.603375053405761719e+01 -7.965859770774841309e-01 -4.338617920875549316e-01 -7.070836544036865234e+00 1.784963035583496094e+01 -2.553956508636474609e-01
-2.305149269104003906e+01 -5.764527916908264160e-01 -7.629467844963073730e-01 -4.923777580261230469e+00 1.564908504486083984e+01 -1.844427585601806641e-01
-3.021395301818847656e+01 -4.409651830792427063e-02 -1.067404389381408691e+00 -4.428050994873046875e+00 1.135100555419921875e+01 -9.204435162246227264e-03
-3.526113891601562500e+01 5.666725635528564453e+00 -1.285536050796508789e+00 -4.796458721160888672e+00 7.465902805328369141e+00 7.125744819641113281e-01
-3.674349975585937500e+01 1.022848129272460938e+01 -1.434994339942932129e+00 -5.011338710784912109e+00 2.233121395111083984e+00 1.518575191497802734e+00
-3.742052078247070312e+01 2.047627449035644531e+01 -1.925340056419372559e+00 -6.817355632781982422e+00 -5.433239340782165527e-01 6.103154659271240234e+00
-3.464799499511718750e+01 2.530502128601074219e+01 -1.997029662132263184e+00 -6.458586215972900391e+00 -1.001968383789062500e+00 8.818097114562988281e+00
-2.744323539733886719e+01 2.836162376403808594e+01 -1.804111361503601074e+00 -5.864031314849853516e+00 -1.354274630546569824e+00 8.867968559265136719e+00
-1.837695121765136719e+01 2.800932502746582031e+01 -1.531749367713928223e+00 -7.165685176849365234e+00 -1.589305162429809570e+00 8.733292579650878906e+00
-1.096176815032958984e+01 2.740873908996582031e+01 -1.426860690116882324e+00 -1.095214176177978516e+01 -1.418435811996459961e+00 8.256319999694824219e+00
-5.667864322662353516e+00 2.329459762573242188e+01 -1.212917208671569824e+00 -2.142020797729492188e+01 -1.013016462326049805e+00 5.186373710632324219e+00
-3.791082143783569336e+00 1.969977760314941406e+01 -1.028745412826538086e+00 -2.753000831604003906e+01 -5.010355710983276367e-01 2.016315221786499023e+00
-2.037190914154052734e+00 1.419108200073242188e+01 -6.092181801795959473e-01 -3.277434158325195312e+01 2.145126819610595703e+00 -1.445451080799102783e-01
-9.933592081069946289e-01 8.340244293212890625e+00 -2.872298657894134521e-01 -3.632165527343750000e+01 9.443385124206542969e+00 -4.517460465431213379e-01
-4.834685027599334717e-01 2.587145805358886719e+00 -4.540646821260452271e-02 -3.706678390502929688e+01 1.632387351989746094e+01 -5.783511400222778320e-01
-1.662486910820007324e+00 -4.484825730323791504e-01 2.170397639274597168e-01 -3.211083984375000000e+01 2.327368545532226562e+01 -6.780792474746704102e-01
-3.645805358886718750e+00 -6.198570728302001953e-01 1.283818006515502930e+00 -2.746448135375976562e+01 2.495832061767578125e+01 -8.423343896865844727e-01
-6.471205234527587891e+00 -7.572697401046752930e-01 1.946720838546752930e+00 -2.342641258239746094e+01 2.697010612487792969e+01 -7.060777544975280762e-01
-1.030919933319091797e+01 -7.685576081275939941e-01 7.201868891716003418e-01 -1.912157249450683594e+01 2.587133789062500000e+01 -3.786941468715667725e-01
-1.364064025878906250e+01 -4.315664768218994141e-01 5.833691358566284180e-02 -1.497327613830566406e+01 2.338841247558593750e+01 -7.436423748731613159e-02
-1.989641380310058594e+01 -2.847806513309478760e-01 -1.825314760208129883e-01 -5.495895862579345703e+00 2.024029350280761719e+01 -4.777231439948081970e-02
-2.522809410095214844e+01 1.862986087799072266e-01 -3.699543178081512451e-01 -1.703692436218261719e+00 1.680428123474121094e+01 -2.501926384866237640e-02
-2.987748146057128906e+01 4.046889305114746094e+00 -6.403034925460815430e-01 1.912805676460266113e+00 1.304630088806152344e+01 1.308593750000000000e+00
-3.365476608276367188e+01 9.414552688598632812e+00 -8.038385510444641113e-01 9.533609390258789062e+00 8.946245193481445312e+00 2.441613674163818359e+00
-3.466035079956054688e+01 1.493281936645507812e+01 -9.234887957572937012e-01 1.279087257385253906e+01 4.730548381805419922e+00 3.556686401367187500e+00
-3.243906784057617188e+01 2.072203826904296875e+01 -1.100211501121520996e+00 -3.704866886138916016e+00 -7.832671701908111572e-02 4.206913948059082031e+00
-2.939658927917480469e+01 2.369117736816406250e+01 -1.128733396530151367e+00 -5.826168060302734375e+00 -2.615538239479064941e-01 6.552961349487304688e+00
-2.437611770629882812e+01 2.396483612060546875e+01 -9.321891069412231445e-01 -7.105136394500732422e+00 -4.760172069072723389e-01 6.277061462402343750e+00
-1.779303359985351562e+01 2.330586814880371094e+01 -6.360860466957092285e-01 -9.552208900451660156e+00 -4.781652390956878662e-01 5.938166618347167969e+00
-1.167998695373535156e+01 2.073830032348632812e+01 -5.006398558616638184e-01 -1.343810939788818359e+01 -2.979384362697601318e-01 4.224345207214355469e+00
-5.878241062164306641e+00 1.593157005310058594e+01 -4.706171452999114990e-01 -1.991443634033203125e+01 6.774541139602661133e-01 3.937936782836914062e+00
-3.920777082443237305e+00 1.415504646301269531e+01 -3.672599196434020996e-01 -2.388342475891113281e+01 2.271668434143066406e+00 1.650292396545410156e+00
-2.435553550720214844e+00 1.093935394287109375e+01 -2.717713713645935059e-01 -2.787174797058105469e+01 6.510660648345947266e+00 -3.000559844076633453e-02
-1.428764939308166504e+00 7.693753719329833984e+00 -2.622618079185485840e-01 -3.067300415039062500e+01 1.100622272491455078e+01 -1.645547598600387573e-01
-6.118612885475158691e-01 3.608009815216064453e+00 -1.655323356389999390e-01 -3.122664451599121094e+01 1.555335140228271484e+01 -2.282459735870361328e-01
-2.775845289230346680e+00 1.193408966064453125e-01 4.660326838493347168e-01 -2.765701103210449219e+01 2.024187088012695312e+01 -2.445384562015533447e-01
-4.995297431945800781e+00 -2.046592235565185547e-01 8.638932108879089355e-01 -2.572169876098632812e+01 2.259771537780761719e+01 -2.868221700191497803e-01
-7.235536098480224609e+00 -3.623436391353607178e-01 1.224416971206665039e+00 -2.383406639099121094e+01 2.414710044860839844e+01 -3.393360078334808350e-01
-9.363312721252441406e+00 -3.862517178058624268e-01 5.490795969963073730e-01 -2.097526359558105469e+01 2.434914588928222656e+01 -4.298094809055328369e-01
-1.008084201812744141e+01 -3.657910525798797607e-01 5.422951579093933105e-01 -1.770293235778808594e+01 2.302606010437011719e+01 -3.880680799484252930e-01
-1.362166118621826172e+01 -1.349796503782272339e-01 -1.364930868148803711e-01 -1.350380420684814453e+01 1.869967651367187500e+01 -1.099132299423217773e-01
-1.847437286376953125e+01 3.865348100662231445e-01 -2.820836901664733887e-01 -1.162190341949462891e+01 1.775824165344238281e+01 4.480047225952148438e-01
-2.325293350219726562e+01 3.337775230407714844e+00 -5.092949867248535156e-01 -1.053301811218261719e+01 1.580722332000732422e+01 4.207453727722167969e-01
-2.691840553283691406e+01 7.261915683746337891e+00 -7.084230780601501465e-01 -9.590506553649902344e+00 1.363314723968505859e+01 2.574820518493652344e-01
-2.771065711975097656e+01 1.031686401367187500e+01 -8.126163482666015625e-01 -8.636266708374023438e+00 1.014595127105712891e+01 4.568309783935546875e-01
-2.525290298461914062e+01 1.563293647766113281e+01 -1.364222884178161621e+00 -7.768872261047363281e+00 6.345441341400146484e+00 2.541180372238159180e+00
-2.474703025817871094e+01 1.787611579895019531e+01 -1.169608950614929199e+00 -8.011164665222167969e+00 3.864773273468017578e+00 3.702210426330566406e+00
-2.102070045471191406e+01 2.012087821960449219e+01 -8.431798219680786133e-01 -8.405477523803710938e+00 1.741012454032897949e+00 4.258337020874023438e+00
-1.681410026550292969e+01 2.019001960754394531e+01 -7.318369746208190918e-01 -9.391653060913085938e+00 5.657881498336791992e-01 4.062089443206787109e+00
-1.335612201690673828e+01 1.995271873474121094e+01 -6.361541152000427246e-01 -9.856459617614746094e+00 -8.530493825674057007e-02 4.320261955261230469e+00
-1.010961055755615234e+01 1.802516937255859375e+01 -8.143685460090637207e-01 -1.513597583770751953e+01 2.434936046600341797e+00 3.160394668579101562e+00
-9.459552764892578125e+00 1.572623252868652344e+01 -8.947427868843078613e-01 -1.850515937805175781e+01 4.149513721466064453e+00 1.962218999862670898e+00
-9.736890792846679688e+00 1.391143035888671875e+01 -9.088363051414489746e-01 -2.049272155761718750e+01 7.467082500457763672e+00 1.428344726562500000e+00
-1.034437751770019531e+01 1.110478973388671875e+01 -7.381664514541625977e-01 -2.108680725097656250e+01 1.006516265869140625e+01 9.431819915771484375e-01
-1.061214637756347656e+01 8.947370529174804688e+00 -5.507051944732666016e-01 -1.957196426391601562e+01 1.344941234588623047e+01 9.743652343750000000e-01
