-1.815491676330566406e+00 -8.659240603446960449e-01 8.998381614685058594e+00 -2.142416238784790039e+00 2.569239807128906250e+01 8.723497390747070312e-03
-6.029613018035888672e+00 -1.249451994895935059e+00 5.703661441802978516e+00 -1.413101077079772949e+00 2.490381240844726562e+01 -5.446084961295127869e-02
-1.699174308776855469e+01 -1.316461443901062012e+00 1.347252726554870605e-01 -3.586817979812622070e+00 2.234502601623535156e+01 -2.754646539688110352e-01
-3.114673233032226562e+01 -7.519761323928833008e-01 -6.068177819252014160e-01 -5.204000473022460938e+00 2.000587081909179688e+01 -1.191628049127757549e-03
-4.483681869506835938e+01 -1.081587821245193481e-01 -1.190361142158508301e+00 -5.589570999145507812e+00 1.525551509857177734e+01 2.408577203750610352e-01
-5.841325759887695312e+01 9.108322143554687500e+00 -1.899091958999633789e+00 -6.140164852142333984e+00 8.865729331970214844e+00 1.249014377593994141e+00
-5.827206039428710938e+01 1.998584175109863281e+01 -1.647400498390197754e+00 -5.635118007659912109e+00 2.542165756225585938e+00 4.134702682495117188e+00
-4.937705993652343750e+01 2.794697952270507812e+01 -9.708144068717956543e-01 -3.799240112304687500e+00 -4.481907486915588379e-01 6.414911270141601562e+00
-3.424470138549804688e+01 3.082882881164550781e+01 -5.311084389686584473e-01 -2.539640188217163086e+00 -9.317789077758789062e-01 9.388699531555175781e+00
-1.813749885559082031e+01 2.969360923767089844e+01 -2.530707716941833496e-01 -2.726760864257812500e+00 -1.255565285682678223e+00 1.169155979156494141e+01
-6.989390850067138672e+00 2.689434432983398438e+01 -3.548755943775177002e-01 -5.617751121520996094e+00 -1.516460299491882324e+00 1.065044784545898438e+01
-2.146117448806762695e+00 2.649157905578613281e+01 -5.301150083541870117e-01 -9.870772361755371094e+00 -1.664385795593261719e+00 9.559744834899902344e+00
-1.264558792114257812e+00 2.515545272827148438e+01 -8.030053973197937012e-01 -1.766396141052246094e+01 -1.721188426017761230e+00 6.163432121276855469e+00
-3.057247161865234375e+00 2.421539497375488281e+01 -1.015323400497436523e+00 -2.744624900817871094e+01 -1.445924043655395508e+00 -6.740994751453399658e-02
-4.614564418792724609e+00 2.132070159912109375e+01 -1.038072466850280762e+00 -3.646273040771484375e+01 -1.012114524841308594e+00 -4.465642869472503662e-01
-3.784230947494506836e+00 1.428406524658203125e+01 -5.177535414695739746e-01 -4.716123580932617188e+01 3.858315944671630859e+00 -7.399498820304870605e-01
-2.097955942153930664e+00 7.289216518402099609e+00 -1.667009145021438599e-01 -4.967055892944335938e+01 1.181966686248779297e+01 -9.929000735282897949e-01
-5.047447085380554199e-01 9.739904403686523438e-01 1.921789050102233887e-01 -4.595292282104492188e+01 1.934131813049316406e+01 -7.888328433036804199e-01
2.349470615386962891e+00 -4.866925179958343506e-01 7.426735758781433105e-01 -3.863132095336914062e+01 2.358498764038085938e+01 -4.209967553615570068e-01
-1.293570756912231445e+00 -8.971204757690429688e-01 1.227852582931518555e+00 -3.011263465881347656e+01 2.529997253417968750e+01 -3.186450004577636719e-01
-3.701263904571533203e+00 -7.959480285644531250e-01 1.760285139083862305e+00 -1.723962783813476562e+01 2.142442512512207031e+01 -5.058440566062927246e-01
-7.092710018157958984e+00 -1.179584145545959473e+00 6.547390818595886230e-01 -1.230351638793945312e+01 2.322206115722656250e+01 -6.303108334541320801e-01
-1.423865795135498047e+01 -1.352657318115234375e+00 -2.718047499656677246e-01 -1.022170162200927734e+01 2.290351486206054688e+01 -6.215338706970214844e-01
-2.413577842712402344e+01 -1.118103861808776855e+00 -7.273425459861755371e-01 -9.235263824462890625e+00 2.117286109924316406e+01 -5.320947766304016113e-01
-3.399220275878906250e+01 -5.224826335906982422e-01 -9.759072661399841309e-01 -8.434998512268066406e+00 1.777888298034667969e+01 -3.682723939418792725e-01
-4.823372650146484375e+01 4.860213756561279297e+00 -1.503382205963134766e+00 -1.027557945251464844e+01 1.134343910217285156e+01 -1.027979888021945953e-02
-4.957557296752929688e+01 1.210657691955566406e+01 -1.511747837066650391e+00 -7.949307441711425781e+00 7.421319484710693359e+00 3.339462280273437500e+00
-4.519546890258789062e+01 1.879748535156250000e+01 -1.460058093070983887e+00 -3.141071796417236328e+00 1.154319167137145996e+00 6.416601181030273438e+00
-3.703649139404296875e+01 2.300277328491210938e+01 -1.348181486129760742e+00 1.082185363769531250e+01 -4.670784473419189453e-01 6.781404495239257812e+00
-2.897356224060058594e+01 2.461387634277343750e+01 -1.381558895111083984e+00 2.201945114135742188e+01 -9.493170976638793945e-01 7.531094551086425781e+00
-1.900650215148925781e+01 2.579982376098632812e+01 -1.878503203392028809e+00 -4.250066876411437988e-01 -1.500517964363098145e+00 8.080293655395507812e+00
-1.627933692932128906e+01 2.691767883300781250e+01 -2.005955696105957031e+00 -7.617547035217285156e+00 -1.646701693534851074e+00 6.651671409606933594e+00
-1.447659492492675781e+01 2.688325500488281250e+01 -2.031176090240478516e+00 -1.607628440856933594e+01 -1.478774905204772949e+00 3.990326404571533203e+00
-1.294833850860595703e+01 2.389908599853515625e+01 -1.811835527420043945e+00 -2.514684295654296875e+01 -1.082469820976257324e+00 -2.613875828683376312e-02
-1.161779308319091797e+01 2.051940536499023438e+01 -1.563011527061462402e+00 -3.320069885253906250e+01 -4.454260468482971191e-01 -3.350686728954315186e-01
-6.420245647430419922e+00 1.602693367004394531e+01 -7.836575508117675781e-01 -4.119816207885742188e+01 1.711549162864685059e+00 -5.540682673454284668e-01
-3.354782581329345703e+00 1.071684265136718750e+01 -4.439249932765960693e-01 -4.288337326049804688e+01 8.231337547302246094e+00 -6.753442883491516113e-01
-5.264707207679748535e-01 5.985027790069580078e+00 -2.251550406217575073e-01 -4.033002471923828125e+01 1.459021472930908203e+01 -5.624585151672363281e-01
1.290699195861816406e+01 -8.228636346757411957e-03 -9.580352902412414551e-02 -3.428730773925781250e+01 1.873255538940429688e+01 -3.040555119514465332e-01
1.399071693420410156e+01 -5.091456770896911621e-01 1.520263552665710449e-01 -2.712191200256347656e+01 2.089010620117187500e+01 -1.963827610015869141e-01
-2.109746038913726807e-01 -8.265785574913024902e-01 1.500650644302368164e+00 -1.812701988220214844e+01 2.055551910400390625e+01 -6.230469346046447754e-01
-2.894760847091674805e+00 -1.116412758827209473e+00 6.703860163688659668e-01 -1.562022304534912109e+01 2.092979240417480469e+01 -9.446075558662414551e-01
-9.294870376586914062e+00 -1.172475695610046387e+00 -1.857938617467880249e-01 -1.553208160400390625e+01 2.204651832580566406e+01 -9.041696786880493164e-01
-1.778847503662109375e+01 -1.024761557579040527e+00 -4.865266382694244385e-01 -1.522661304473876953e+01 2.143254089355468750e+01 -7.142311334609985352e-01
-2.485588645935058594e+01 -6.314337253570556641e-01 -6.406177878379821777e-01 -1.424866485595703125e+01 2.071953201293945312e+01 -5.668202638626098633e-01
-3.927473449707031250e+01 1.780742168426513672e+00 -1.356066584587097168e+00 -1.462932491302490234e+01 1.763366317749023438e+01 -1.388098746538162231e-01
-4.336519241333007812e+01 7.131786823272705078e+00 -1.311017870903015137e+00 -1.389134502410888672e+01 1.515233898162841797e+01 1.399299621582031250e+00
-4.174528121948242188e+01 1.332899475097656250e+01 -1.102007150650024414e+00 -1.071132755279541016e+01 1.109351348876953125e+01 2.861745834350585938e+00
-3.576455307006835938e+01 1.733041381835937500e+01 -8.564620018005371094e-01 -7.055937290191650391e+00 7.115447521209716797e+00 4.018764495849609375e+00
-2.920640563964843750e+01 1.805190086364746094e+01 -8.566233515739440918e-01 -3.519805908203125000e+00 3.080222606658935547e+00 5.582623481750488281e+00
-1.441732692718505859e+01 1.757545280456542969e+01 -7.540416717529296875e-01 -1.062817215919494629e+00 -4.377337098121643066e-01 7.761763572692871094e+00
-9.039917945861816406e+00 1.774658393859863281e+01 -8.619756698608398438e-01 -1.195298552513122559e+00 -8.948478698730468750e-01 8.030886650085449219e+00
-7.316575050354003906e+00 1.755014610290527344e+01 -1.070452213287353516e+00 -5.714870452880859375e+00 -1.027798056602478027e+00 6.449076652526855469e+00
-8.454770088195800781e+00 1.625539207458496094e+01 -1.111340880393981934e+00 -1.298487758636474609e+01 -8.673275113105773926e-01 4.026980400085449219e+00
-1.058967876434326172e+01 1.481927299499511719e+01 -9.767746925354003906e-01 -2.080103302001953125e+01 -4.813329279422760010e-01 7.471153736114501953e-01
-1.101841926574707031e+01 1.183313179016113281e+01 -6.597735285758972168e-01 -3.232256317138671875e+01 1.195551276206970215e+00 -3.671370148658752441e-01
-8.766745567321777344e+00 8.807353973388671875e+00 -5.785995125770568848e-01 -3.637013244628906250e+01 6.376335620880126953e+00 -5.209612846374511719e-01
-7.111221313476562500e+00 5.157605648040771484e+00 -4.912950098514556885e-01 -3.704144287109375000e+01 1.150749969482421875e+01 -4.957539737224578857e-01
-6.050551891326904297e+00 1.922464370727539062e+00 -4.054950773715972900e-01 -3.496760559082031250e+01 1.579074764251708984e+01 -3.277673423290252686e-01
-6.559695720672607422e+00 -1.674942523241043091e-01 -3.107121288776397705e-01 -3.042983818054199219e+01 1.842788124084472656e+01 -2.373639792203903198e-01
-7.456690311431884766e+00 -6.802871227264404297e-01 2.428740262985229492e-02 -2.105769920349121094e+01 2.155944061279296875e+01 -1.031722575426101685e-01
-6.277523040771484375e+00 -9.414081573486328125e-01 1.545956134796142578e+00 -1.517610931396484375e+01 2.150467872619628906e+01 -2.379359006881713867e-01
-8.328159332275390625e+00 -1.032284617424011230e+00 9.695290923118591309e-01 -1.150383663177490234e+01 2.043618011474609375e+01 -3.220952749252319336e-01
-1.299682807922363281e+01 -9.447445273399353027e-01 -1.658472269773483276e-01 -1.032535839080810547e+01 1.850794792175292969e+01 -7.834618687629699707e-01
-1.859253501892089844e+01 -8.497377634048461914e-01 -4.072523713111877441e-01 -1.242116069793701172e+01 1.597592067718505859e+01 -1.034688353538513184e+00
-3.076821327209472656e+01 -4.459230899810791016e-01 -9.884036183357238770e-01 -1.341468048095703125e+01 1.488296985626220703e+01 -4.089483320713043213e-01
-3.603142166137695312e+01 4.249067306518554688e-01 -1.026644229888916016e+00 -1.002525711059570312e+01 1.220999622344970703e+01 -1.876741498708724976e-01
-3.938062667846679688e+01 6.478170871734619141e+00 -1.090540766716003418e+00 -7.055099487304687500e+00 8.419594764709472656e+00 2.848939895629882812e-01
-3.942316436767578125e+01 1.182683753967285156e+01 -1.039213657379150391e+00 -4.409440517425537109e+00 4.323109149932861328e+00 2.472119092941284180e+00
-3.676257705688476562e+01 1.525584983825683594e+01 -1.031138777732849121e+00 -2.633669614791870117e+00 -5.838200077414512634e-02 4.081933975219726562e+00
-2.074869346618652344e+01 1.998183631896972656e+01 -5.124959349632263184e-01 -7.454334497451782227e-01 -6.904677152633666992e-01 5.554795265197753906e+00
-1.115110683441162109e+01 1.933424568176269531e+01 -8.515454530715942383e-01 -1.621911048889160156e+00 -9.887285232543945312e-01 5.974826812744140625e+00
-5.664412975311279297e+00 1.748638534545898438e+01 -1.195394277572631836e+00 -6.351988315582275391e+00 -1.247899293899536133e+00 5.433314323425292969e+00
-3.958846330642700195e+00 1.494790458679199219e+01 -1.463643908500671387e+00 -1.436283111572265625e+01 -1.139458060264587402e+00 1.271419525146484375e+00
-4.238906383514404297e+00 1.128933334350585938e+01 -1.646064162254333496e+00 -2.367890739440917969e+01 -7.563455104827880859e-01 -1.898290663957595825e-01
-1.037507820129394531e+01 8.634613037109375000e+00 -1.389082193374633789e+00 -3.723241806030273438e+01 4.407731056213378906e+00 -3.687357604503631592e-01
-9.032795906066894531e+00 6.754065036773681641e+00 -1.221575140953063965e+00 -3.876178741455078125e+01 7.765871524810791016e+00 -5.607842803001403809e-01
-7.148478984832763672e+00 2.194956541061401367e+00 -8.299806714057922363e-01 -3.886524963378906250e+01 1.283837413787841797e+01 -6.724709272384643555e-01
-6.264433383941650391e+00 -7.133619487285614014e-02 -5.726687312126159668e-01 -3.707796859741210938e+01 1.611237716674804688e+01 -4.730234742164611816e-01
-6.241987705230712891e+00 -2.996012866497039795e-01 -4.624437987804412842e-01 -3.323013305664062500e+01 2.061785888671875000e+01 -2.345101684331893921e-01
-3.805562734603881836e+00 -5.889200568199157715e-01 -5.345642566680908203e-04 -2.306750297546386719e+01 2.097702026367187500e+01 -1.899955868721008301e-01
-2.970775365829467773e+00 -8.791021704673767090e-01 -1.333552645519375801e-03 -1.640392112731933594e+01 2.225462150573730469e+01 -8.941534906625747681e-02
-5.037038326263427734e+00 -1.158741831779479980e+00 -2.265715897083282471e-01 -1.135785961151123047e+01 2.173941230773925781e+01 -1.001667156815528870e-01
-1.059257793426513672e+01 -1.114028573036193848e+00 -4.688327312469482422e-01 -8.163344383239746094e+00 1.977199554443359375e+01 -2.754145562648773193e-01
-1.796172332763671875e+01 -7.392466664314270020e-01 -7.212539315223693848e-01 -7.954462528228759766e+00 1.663109207153320312e+01 -4.142957329750061035e-01
-3.005596351623535156e+01 -3.677588105201721191e-01 -1.348962664604187012e+00 -1.018994426727294922e+01 1.535863208770751953e+01 -4.028220176696777344e-01
-3.778656387329101562e+01 9.794311523437500000e-01 -1.360770225524902344e+00 -9.791468620300292969e+00 1.305603790283203125e+01 -2.133133411407470703e-01
-4.155191040039062500e+01 6.967689990997314453e+00 -1.312318682670593262e+00 -8.129949569702148438e+00 9.862022399902343750e+00 -5.834303051233291626e-02
-4.018735885620117188e+01 1.168879127502441406e+01 -1.137065291404724121e+00 -5.679474830627441406e+00 6.468035221099853516e+00 1.442358732223510742e+00
-3.606571578979492188e+01 1.511161041259765625e+01 -1.026972770690917969e+00 -3.201924085617065430e+00 2.369695186614990234e+00 3.482290744781494141e+00
-2.516767692565917969e+01 2.301273155212402344e+01 -8.129728436470031738e-01 -2.832268714904785156e+00 -8.318929076194763184e-01 4.291302204132080078e+00
-1.868456459045410156e+01 2.286857223510742188e+01 -8.312992453575134277e-01 -7.405535221099853516e+00 -1.092543721199035645e+00 3.968119144439697266e+00
-1.207064723968505859e+01 2.236453247070312500e+01 -7.768563032150268555e-01 -1.180825042724609375e+01 -1.199782133102416992e+00 3.651069641113281250e+00
-5.861579895019531250e+00 1.846118736267089844e+01 -8.191801309585571289e-01 -1.708818054199218750e+01 -1.025211215019226074e+00 2.098735809326171875e+00
-2.437894344329833984e+00 1.434277915954589844e+01 -7.648419141769409180e-01 -2.222157096862792969e+01 -6.435438990592956543e-01 2.393631935119628906e-01
-3.207087755203247070e+00 6.531605243682861328e+00 -3.508890569210052490e-01 -3.110959243774414062e+01 4.517887592315673828e+00 -3.128426969051361084e-01
-4.238746643066406250e+00 4.064877510070800781e+00 -2.623873949050903320e-01 -3.526696777343750000e+01 8.762892723083496094e+00 -4.763487875461578369e-01
-5.183984279632568359e+00 4.250526428222656250e-02 -1.487010270357131958e-01 -3.636668014526367188e+01 1.430105686187744141e+01 -6.490251421928405762e-01
-5.822436809539794922e+00 -3.142075836658477783e-01 3.262125849723815918e-01 -3.572884750366210938e+01 1.827610778808593750e+01 -6.693340539932250977e-01
-6.493065834045410156e+00 -4.206891953945159912e-01 1.539046049118041992e+00 -3.346789932250976562e+01 2.203221511840820312e+01 -6.890894174575805664e-01
-8.140851974487304688e+00 -6.847593784332275391e-01 2.094380259513854980e-01 -2.473665618896484375e+01 2.124525070190429688e+01 -5.341374278068542480e-01
-1.158955669403076172e+01 -8.250495791435241699e-01 1.880509257316589355e-01 -2.091510009765625000e+01 2.209015274047851562e+01 -3.913908600807189941e-01
-1.537465095520019531e+01 -8.169794082641601562e-01 -5.774396285414695740e-02 -1.697434043884277344e+01 2.119891548156738281e+01 -2.864982783794403076e-01
-1.934188079833984375e+01 -6.200314164161682129e-01 -1.565345972776412964e-01 -1.350439643859863281e+01 1.935852241516113281e+01 -6.183652952313423157e-02
-2.240036582946777344e+01 -3.276058733463287354e-01 -2.946935892105102539e-01 -1.090873622894287109e+01 1.581086826324462891e+01 -1.138334255665540695e-02
-2.925852012634277344e+01 2.233063220977783203e+00 -3.961334526538848877e-01 -6.284153461456298828e+00 1.017836380004882812e+01 -3.893473371863365173e-02
-3.261750411987304688e+01 5.919270038604736328e+00 -6.328431963920593262e-01 -4.891726970672607422e+00 7.989936351776123047e+00 1.221788644790649414e+00
-3.447601318359375000e+01 1.021885681152343750e+01 -8.125505447387695312e-01 -4.630671501159667969e+00 4.929925441741943359e+00 1.574007272720336914e+00
-3.376820755004882812e+01 1.404633331298828125e+01 -8.469141125679016113e-01 -4.470506191253662109e+00 1.917348265647888184e+00 2.708878040313720703e+00
-3.187455558776855469e+01 1.778021812438964844e+01 -8.521570563316345215e-01 -4.933482170104980469e+00 -8.532768487930297852e-02 3.774278163909912109e+00
-2.531753730773925781e+01 2.223717117309570312e+01 -1.087306380271911621e+00 -9.645550727844238281e+00 -3.711497783660888672e-01 4.750917434692382812e+00
-2.016774559020996094e+01 2.276197624206542969e+01 -9.396904110908508301e-01 -1.181534957885742188e+01 -5.393195748329162598e-01 3.949601650238037109e+00
-1.444015693664550781e+01 2.079710578918457031e+01 -7.182096242904663086e-01 -1.498065948486328125e+01 -5.309765338897705078e-01 3.233449935913085938e+00
-9.882699012756347656e+00 1.770968437194824219e+01 -5.629106163978576660e-01 -1.876503181457519531e+01 -3.550660610198974609e-01 2.726430416107177734e+00
-6.999829769134521484e+00 1.525189018249511719e+01 -4.296171665191650391e-01 -2.295406532287597656e+01 -8.447706699371337891e-03 1.536720752716064453e+00
-3.808841705322265625e+00 1.256900215148925781e+01 -5.321199297904968262e-01 -2.810528564453125000e+01 2.192168712615966797e+00 -1.067298203706741333e-01
-2.362863063812255859e+00 8.598892211914062500e+00 -4.406550526618957520e-01 -3.066181373596191406e+01 7.202098369598388672e+00 -1.374911069869995117e-01
-3.205531358718872070e+00 3.419752597808837891e+00 -3.644810616970062256e-01 -3.164034080505371094e+01 1.151145935058593750e+01 -3.656509220600128174e-01
-4.759474277496337891e+00 5.869152545928955078e-01 -2.593995034694671631e-01 -3.116887474060058594e+01 1.543445682525634766e+01 -4.085715413093566895e-01
-6.546850681304931641e+00 -2.652617990970611572e-01 -2.174935191869735718e-01 -2.926854515075683594e+01 1.830748748779296875e+01 -4.724396765232086182e-01
-1.065264797210693359e+01 -4.293738007545471191e-01 -3.501861691474914551e-01 -2.610987854003906250e+01 2.042748260498046875e+01 -5.804092288017272949e-01
-1.171844196319580078e+01 -5.233967900276184082e-01 -2.280906736850738525e-01 -2.263467979431152344e+01 2.190968704223632812e+01 -3.964608013629913330e-01
-1.301102638244628906e+01 -6.010628342628479004e-01 -2.698816359043121338e-01 -1.795578002929687500e+01 2.145198249816894531e+01 -2.534992396831512451e-01
-1.447006511688232422e+01 -5.025455355644226074e-01 -3.010548651218414307e-01 -1.294517993927001953e+01 1.974775314331054688e+01 -6.046109274029731750e-02
-1.663451194763183594e+01 -2.604515552520751953e-01 -3.325402438640594482e-01 -9.401778221130371094e+00 1.685940361022949219e+01 -9.998799068853259087e-04
-2.113879966735839844e+01 -1.164395362138748169e-01 -4.496709406375885010e-01 -4.503491401672363281e+00 1.028910732269287109e+01 -2.634987831115722656e-01
-2.479611206054687500e+01 6.513352394104003906e-01 -6.641725897789001465e-01 -2.729218006134033203e+00 7.852208614349365234e+00 -2.425593435764312744e-01
-2.905298233032226562e+01 4.696102619171142578e+00 -9.466816186904907227e-01 -2.113749504089355469e+00 4.940869808197021484e+00 -6.971931457519531250e-02
-3.154952812194824219e+01 8.342920303344726562e+00 -1.184529542922973633e+00 -2.298552513122558594e+00 1.641174674034118652e+00 -6.814002990722656250e-02
-3.300135421752929688e+01 1.161285209655761719e+01 -1.310311198234558105e+00 -3.152744770050048828e+00 -1.764908432960510254e-01 -5.498895794153213501e-02
-2.833307266235351562e+01 1.728276634216308594e+01 -1.296985149383544922e+00 -5.188006877899169922e+00 -5.907033681869506836e-01 1.640048980712890625e+00
-2.322987937927246094e+01 1.838037681579589844e+01 -1.280221819877624512e+00 -7.742955684661865234e+00 -7.388123869895935059e-01 2.303978919982910156e+00
-1.770555686950683594e+01 1.804127883911132812e+01 -1.238481879234313965e+00 -9.870345115661621094e+00 -8.053659796714782715e-01 2.080640792846679688e+00
-1.341755199432373047e+01 1.628457641601562500e+01 -1.163593649864196777e+00 -1.265904617309570312e+01 -6.749425530433654785e-01 1.630939483642578125e+00
-1.176512432098388672e+01 1.364846038818359375e+01 -1.094920516014099121e+00 -1.563325977325439453e+01 -4.120871126651763916e-01 8.252944946289062500e-01
-9.035664558410644531e+00 9.730144500732421875e+00 -7.221939563751220703e-01 -2.207000732421875000e+01 1.802116751670837402e+00 -2.003120481967926025e-01
-8.266777038574218750e+00 8.335483551025390625e+00 -6.244294047355651855e-01 -2.471979141235351562e+01 3.592814922332763672e+00 -3.020930290222167969e-01
-7.097630500793457031e+00 6.626556873321533203e+00 -5.577496290206909180e-01 -2.726861381530761719e+01 6.171345710754394531e+00 -4.636050164699554443e-01
-6.925435066223144531e+00 4.787565231323242188e+00 -3.817419409751892090e-01 -2.838615417480468750e+01 9.396036148071289062e+00 -5.401164293289184570e-01
-5.419075012207031250e+00 4.355381727218627930e-01 -3.226394951343536377e-01 -2.762383460998535156e+01 1.251025962829589844e+01 -6.371743083000183105e-01
-6.960888862609863281e+00 -6.808138489723205566e-01 7.675177454948425293e-01 -2.974085044860839844e+01 1.885628509521484375e+01 -9.503018260002136230e-01
-7.085656642913818359e+00 -9.036497473716735840e-01 1.421095609664916992e+00 -2.634029579162597656e+01 2.145600128173828125e+01 -9.990434646606445312e-01
-7.408554077148437500e+00 -1.073900103569030762e+00 1.066042661666870117e+00 -2.178512763977050781e+01 2.393120574951171875e+01 -8.163757324218750000e-01
-8.697921752929687500e+00 -1.290306329727172852e+00 8.003355860710144043e-01 -1.657580375671386719e+01 2.342634963989257812e+01 -8.298503160476684570e-01
-1.101813983917236328e+01 -1.140429854393005371e+00 5.479666590690612793e-01 -1.268289375305175781e+01 2.243399047851562500e+01 -6.499831080436706543e-01
-1.602582740783691406e+01 -7.974426746368408203e-01 -4.343791604042053223e-01 -7.059810638427734375e+00 1.782850646972656250e+01 -2.559003531932830811e-01
-2.304056167602539062e+01 -5.774332880973815918e-01 -7.633685469627380371e-01 -4.913318634033203125e+00 1.562824153900146484e+01 -1.849859803915023804e-01
-3.020035362243652344e+01 -4.532427713274955750e-02 -1.067752718925476074e+00 -4.418057918548583984e+00 1.133167076110839844e+01 -9.800291620194911957e-03
-3.524606323242187500e+01 5.651889324188232422e+00 -1.285859227180480957e+00 -4.786990642547607422e+00 7.447859287261962891e+00 7.069077491760253906e-01
-3.672860336303710938e+01 1.021269416809082031e+01 -1.435240268707275391e+00 -5.002652168273925781e+00 2.217123508453369141e+00 1.512687206268310547e+00
-3.740355682373046875e+01 2.046033668518066406e+01 -1.925327897071838379e+00 -6.809853553771972656e+00 -5.449320673942565918e-01 6.095171928405761719e+00
-3.463010025024414062e+01 2.528758049011230469e+01 -1.996986389160156250e+00 -6.453872680664062500e+00 -1.003371357917785645e+00 8.808371543884277344e+00
-2.742654228210449219e+01 2.834207725524902344e+01 -1.804059863090515137e+00 -5.862378120422363281e+00 -1.355344653129577637e+00 8.856869697570800781e+00
-1.836257743835449219e+01 2.798811149597167969e+01 -1.531647205352783203e+00 -7.166012763977050781e+00 -1.590035080909729004e+00 8.720957756042480469e+00
-1.094922161102294922e+01 2.738535118103027344e+01 -1.426658987998962402e+00 -1.095246791839599609e+01 -1.418902158737182617e+00 8.243612289428710938e+00
-5.656050205230712891e+00 2.327091979980468750e+01 -1.212741971015930176e+00 -2.141621208190917969e+01 -1.013387441635131836e+00 5.175170898437500000e+00
-3.780255079269409180e+00 1.967595100402832031e+01 -1.028595805168151855e+00 -2.752329444885253906e+01 -5.014669299125671387e-01 2.005127668380737305e+00
-2.028175115585327148e+00 1.416831970214843750e+01 -6.092132329940795898e-01 -3.276515197753906250e+01 2.140315532684326172e+00 -1.455200910568237305e-01
-9.865095019340515137e-01 8.318637847900390625e+00 -2.873629927635192871e-01 -3.630979537963867188e+01 9.436945915222167969e+00 -4.525904655456542969e-01
-4.781630039215087891e-01 2.567488193511962891e+00 -4.561322554945945740e-02 -3.705257415771484375e+01 1.631553077697753906e+01 -5.791079401969909668e-01
-1.660366654396057129e+00 -4.502418041229248047e-01 2.127291560173034668e-01 -3.209350204467773438e+01 2.326397895812988281e+01 -6.786150336265563965e-01
-3.646479845046997070e+00 -6.213827729225158691e-01 1.276736974716186523e+00 -2.744652175903320312e+01 2.494736480712890625e+01 -8.426721692085266113e-01
-6.473976135253906250e+00 -7.585179805755615234e-01 1.937167882919311523e+00 -2.340788078308105469e+01 2.695631217956542969e+01 -7.063837051391601562e-01
-1.031241893768310547e+01 -7.694766521453857422e-01 7.101714015007019043e-01 -1.910332298278808594e+01 2.585527038574218750e+01 -3.791465759277343750e-01
-1.364276409149169922e+01 -4.322507381439208984e-01 4.782742261886596680e-02 -1.495614051818847656e+01 2.337054252624511719e+01 -7.487368583679199219e-02
-1.989494323730468750e+01 -2.850477695465087891e-01 -1.835324615240097046e-01 -5.482831478118896484e+00 2.021776199340820312e+01 -4.802427440881729126e-02
-2.522478294372558594e+01 1.844232082366943359e-01 -3.709835410118103027e-01 -1.692642807960510254e+00 1.678129577636718750e+01 -2.519064024090766907e-02
-2.987193679809570312e+01 4.045715808868408203e+00 -6.412718296051025391e-01 2.006509780883789062e+00 1.302275753021240234e+01 1.306851387023925781e+00
-3.364647293090820312e+01 9.412607192993164062e+00 -8.047237396240234375e-01 9.610834121704101562e+00 8.923203468322753906e+00 2.439523696899414062e+00
-3.465002822875976562e+01 1.492899894714355469e+01 -9.242979288101196289e-01 1.285184669494628906e+01 4.708601474761962891e+00 3.554249286651611328e+00
-3.242175292968750000e+01 2.071766471862792969e+01 -1.100415229797363281e+00 -3.700897216796875000e+00 -8.045979589223861694e-02 4.202879428863525391e+00
-2.937575340270996094e+01 2.368203544616699219e+01 -1.128710031509399414e+00 -5.825004577636718750e+00 -2.633753716945648193e-01 6.545343399047851562e+00
-2.435437011718750000e+01 2.395108604431152344e+01 -9.320734143257141113e-01 -7.107041358947753906e+00 -4.772461056709289551e-01 6.267358779907226562e+00
-1.777343750000000000e+01 2.328685569763183594e+01 -6.360208988189697266e-01 -9.555537223815917969e+00 -4.788625836372375488e-01 5.927001953125000000e+00
-1.166455364227294922e+01 2.071555137634277344e+01 -5.005115866661071777e-01 -1.344060516357421875e+01 -2.981627583503723145e-01 4.212793350219726562e+00
-5.868586063385009766e+00 1.590402030944824219e+01 -4.702953994274139404e-01 -1.991127967834472656e+01 6.810783147811889648e-01 3.924054145812988281e+00
-3.912448167800903320e+00 1.412558364868164062e+01 -3.669123053550720215e-01 -2.387554550170898438e+01 2.276865005493164062e+00 1.637512207031250000e+00
-2.428788661956787109e+00 1.090907287597656250e+01 -2.714248001575469971e-01 -2.785829734802246094e+01 6.515074253082275391e+00 -3.111238591372966766e-02
-1.424215555191040039e+00 7.664162158966064453e+00 -2.619895339012145996e-01 -3.065425491333007812e+01 1.100793170928955078e+01 -1.654810309410095215e-01
-6.105696558952331543e-01 3.581705570220947266e+00 -1.654384881258010864e-01 -3.120448112487792969e+01 1.555164623260498047e+01 -2.290817350149154663e-01
-2.780255079269409180e+00 9.770643711090087891e-02 4.598175883293151855e-01 -2.763508415222167969e+01 2.023388671875000000e+01 -2.452698200941085815e-01
-5.001861095428466797e+00 -2.063383162021636963e-01 8.560463786125183105e-01 -2.570020866394042969e+01 2.258621788024902344e+01 -2.873975932598114014e-01
-7.242635250091552734e+00 -3.634938895702362061e-01 1.215083837509155273e+00 -2.381307792663574219e+01 2.413152503967285156e+01 -3.397533893585205078e-01
-9.369086265563964844e+00 -3.870082795619964600e-01 5.400530695915222168e-01 -2.095562171936035156e+01 2.433061218261718750e+01 -4.301175773143768311e-01
-1.008418655395507812e+01 -3.663201034069061279e-01 5.333744883537292480e-01 -1.768513870239257812e+01 2.300529289245605469e+01 -3.883055746555328369e-01
-1.361822795867919922e+01 -1.352819502353668213e-01 -1.370228528976440430e-01 -1.348973274230957031e+01 1.867806434631347656e+01 -1.102749854326248169e-01
-1.846607208251953125e+01 3.834893703460693359e-01 -2.825329601764678955e-01 -1.161065959930419922e+01 1.773603820800781250e+01 4.433259963989257812e-01
-2.323981475830078125e+01 3.333318233489990234e+00 -5.095751881599426270e-01 -1.052429103851318359e+01 1.578622341156005859e+01 4.155206680297851562e-01
-2.690120315551757812e+01 7.254133701324462891e+00 -7.085095643997192383e-01 -9.584532737731933594e+00 1.361426830291748047e+01 2.518310546875000000e-01
-2.769158935546875000e+01 1.030597686767578125e+01 -8.125607371330261230e-01 -8.632946014404296875e+00 1.013099765777587891e+01 4.506368637084960938e-01
-2.522924804687500000e+01 1.561610794067382812e+01 -1.363608121871948242e+00 -7.768990516662597656e+00 6.336647510528564453e+00 2.534508943557739258e+00
-2.472000694274902344e+01 1.785570526123046875e+01 -1.169045567512512207e+00 -8.012586593627929688e+00 3.858638763427734375e+00 3.694189071655273438e+00
-2.099408531188964844e+01 2.009617614746093750e+01 -8.427546620368957520e-01 -8.407984733581542969e+00 1.738458514213562012e+00 4.248787879943847656e+00
-1.679000663757324219e+01 2.016200256347656250e+01 -7.314150333404541016e-01 -9.395163536071777344e+00 5.665426254272460938e-01 4.051357269287109375e+00
-1.333571338653564453e+01 1.992238235473632812e+01 -6.357706785202026367e-01 -9.861102104187011719e+00 -8.481257408857345581e-02 4.308207511901855469e+00
-1.009986686706542969e+01 1.799316596984863281e+01 -8.140598535537719727e-01 -1.513556385040283203e+01 2.443258762359619141e+00 3.149460315704345703e+00
-9.454917907714843750e+00 1.569891357421875000e+01 -8.945903778076171875e-01 -1.850099754333496094e+01 4.156220912933349609e+00 1.953406333923339844e+00
-9.734750747680664062e+00 1.388887405395507812e+01 -9.087962508201599121e-01 -2.048504066467285156e+01 7.470239162445068359e+00 1.421417474746704102e+00
-1.034206676483154297e+01 1.108748626708984375e+01 -7.382031083106994629e-01 -2.107622337341308594e+01 1.006385898590087891e+01 9.379510879516601562e-01
-1.060783767700195312e+01 8.935342788696289062e+00 -5.508211851119995117e-01 -1.956014060974121094e+01 1.344312095642089844e+01 9.713096618652343750e-01
