-2.753904104232788086e+00 -8.941451907157897949e-01 8.625562667846679688e+00 -2.827610969543457031e+00 2.731760597229003906e+01 -1.379339676350355148e-02
-7.854615211486816406e+00 -1.229126930236816406e+00 4.676420688629150391e+00 -2.810837984085083008e+00 2.640721511840820312e+01 -6.794970482587814331e-02
-1.973353385925292969e+01 -1.231476187705993652e+00 -1.095209345221519470e-01 -5.528351783752441406e+00 2.373327064514160156e+01 -3.043779432773590088e-01
-3.435027313232421875e+01 -6.021317839622497559e-01 -7.183974981307983398e-01 -7.254514217376708984e+00 2.128901100158691406e+01 1.858823299407958984e-01
-4.782932662963867188e+01 6.504573822021484375e-01 -1.294228911399841309e+00 -7.300431251525878906e+00 1.636529541015625000e+01 8.212938308715820312e-01
-5.950246047973632812e+01 1.160214424133300781e+01 -1.906196475028991699e+00 -7.224231243133544922e+00 9.785309791564941406e+00 2.075009822845458984e+00
-5.708562088012695312e+01 2.242659568786621094e+01 -1.554010391235351562e+00 -6.490560054779052734e+00 2.985496044158935547e+00 4.675608158111572266e+00
-4.581911468505859375e+01 2.985922431945800781e+01 -8.041480183601379395e-01 -4.785386562347412109e+00 -4.321874082088470459e-01 6.833612442016601562e+00
-2.905261230468750000e+01 3.178650474548339844e+01 -3.544913232326507568e-01 -4.053913116455078125e+00 -9.064631462097167969e-01 9.344180107116699219e+00
-1.247877979278564453e+01 2.977046012878417969e+01 -6.616404652595520020e-02 -5.209969043731689453e+00 -1.183734416961669922e+00 1.109355545043945312e+01
-3.504132509231567383e+00 2.675684547424316406e+01 -2.026779204607009888e-01 -1.022967052459716797e+01 -1.307619929313659668e+00 8.851675987243652344e+00
1.024369716644287109e+00 2.604677963256835938e+01 -3.936935365200042725e-01 -1.561678791046142578e+01 -1.348615765571594238e+00 7.653303146362304688e+00
-1.495207399129867554e-01 2.446274757385253906e+01 -6.712058782577514648e-01 -2.394391059875488281e+01 -1.305237650871276855e+00 3.825433731079101562e+00
-2.713219404220581055e+00 2.340338516235351562e+01 -8.845672607421875000e-01 -3.356203079223632812e+01 -9.585234522819519043e-01 -3.402416706085205078e-01
-4.453235149383544922e+00 2.049713325500488281e+01 -9.228790402412414551e-01 -4.170598220825195312e+01 -4.795893728733062744e-01 -6.676552891731262207e-01
-3.283618211746215820e+00 1.282202148437500000e+01 -3.492928445339202881e-01 -4.934984588623046875e+01 9.159474372863769531e+00 -8.169340491294860840e-01
-2.220619440078735352e+00 5.416162014007568359e+00 -7.868844084441661835e-03 -5.010103225708007812e+01 1.723546600341796875e+01 -1.049597024917602539e+00
-1.477446556091308594e+00 -9.540492296218872070e-02 1.478017091751098633e+00 -4.485282516479492188e+01 2.447134399414062500e+01 -8.096323013305664062e-01
-1.591921448707580566e+00 -6.405282616615295410e-01 1.693698167800903320e+00 -3.651179885864257812e+01 2.796988677978515625e+01 -4.029166400432586670e-01
-4.041802406311035156e+00 -9.333581924438476562e-01 1.936903238296508789e+00 -2.770466613769531250e+01 2.856793022155761719e+01 -2.974045872688293457e-01
-6.635314941406250000e+00 -6.429257392883300781e-01 1.659059286117553711e+00 -1.502997589111328125e+01 2.348205947875976562e+01 -5.160970091819763184e-01
-9.712645530700683594e+00 -9.523571133613586426e-01 4.366843104362487793e-01 -1.003311061859130859e+01 2.453361892700195312e+01 -6.174973249435424805e-01
-1.654619598388671875e+01 -1.061261415481567383e+00 -3.218714892864227295e-01 -8.391146659851074219e+00 2.347394752502441406e+01 -6.084671616554260254e-01
-2.626408958435058594e+01 -7.784651517868041992e-01 -7.850520610809326172e-01 -8.052322387695312500e+00 2.140752601623535156e+01 -5.428859591484069824e-01
-3.605999374389648438e+01 -1.654826402664184570e-01 -1.029612898826599121e+00 -7.988552093505859375e+00 1.794339179992675781e+01 -3.859160542488098145e-01
-5.035587692260742188e+01 9.213689804077148438e+00 -1.649151086807250977e+00 -1.114078807830810547e+01 1.190331172943115234e+01 -9.059794247150421143e-02
-5.106901550292968750e+01 1.672562026977539062e+01 -1.649654984474182129e+00 -8.935822486877441406e+00 7.638687610626220703e+00 2.745298385620117188e+00
-4.565026092529296875e+01 2.330587005615234375e+01 -1.560877680778503418e+00 -3.993187427520751953e+00 9.986013174057006836e-01 5.952145576477050781e+00
-3.638676452636718750e+01 2.732171249389648438e+01 -1.448039650917053223e+00 1.709348797798156738e+00 -5.013800263404846191e-01 6.527748107910156250e+00
-2.749083900451660156e+01 2.866476440429687500e+01 -1.492434740066528320e+00 1.051351356506347656e+01 -9.725041389465332031e-01 7.091616630554199219e+00
-1.671042633056640625e+01 2.779168701171875000e+01 -1.948608994483947754e+00 -2.026521205902099609e+00 -1.499600887298583984e+00 7.854893684387207031e+00
-1.408869838714599609e+01 2.893737030029296875e+01 -2.127723693847656250e+00 -9.897848129272460938e+00 -1.632591128349304199e+00 6.014664649963378906e+00
-1.294930744171142578e+01 2.887940979003906250e+01 -2.217527151107788086e+00 -1.917229270935058594e+01 -1.417673468589782715e+00 3.299052238464355469e+00
-1.229788494110107422e+01 2.596516799926757812e+01 -1.995804071426391602e+00 -2.908531761169433594e+01 -9.792327284812927246e-01 -1.202915683388710022e-01
-1.166052627563476562e+01 2.263953399658203125e+01 -1.734403491020202637e+00 -3.766079330444335938e+01 -2.702784240245819092e-01 -4.194009900093078613e-01
-7.491405010223388672e+00 1.765371322631835938e+01 -7.539775371551513672e-01 -4.446546173095703125e+01 3.683249950408935547e+00 -5.749202370643615723e-01
-4.903575897216796875e+00 1.179180908203125000e+01 -3.700711429119110107e-01 -4.523136520385742188e+01 1.055131053924560547e+01 -7.183523774147033691e-01
-2.601606130599975586e+00 7.185249805450439453e+00 -1.534739285707473755e-01 -4.168285751342773438e+01 1.723029136657714844e+01 -5.684757828712463379e-01
-1.307064056396484375e+00 1.069114208221435547e+00 -2.859724126756191254e-02 -3.449927139282226562e+01 2.120098876953125000e+01 -2.913289070129394531e-01
-1.714232683181762695e+00 -3.820107579231262207e-01 8.238031268119812012e-01 -2.630191993713378906e+01 2.274443244934082031e+01 -1.730628013610839844e-01
-3.785687208175659180e+00 -6.717743277549743652e-01 1.679523706436157227e+00 -1.656538200378417969e+01 2.268381500244140625e+01 -7.029921412467956543e-01
-7.363868236541748047e+00 -9.079586267471313477e-01 -5.536586046218872070e-03 -1.409606075286865234e+01 2.275021934509277344e+01 -1.002492666244506836e+00
-1.507238483428955078e+01 -9.060568213462829590e-01 -3.498525023460388184e-01 -1.417897224426269531e+01 2.327605819702148438e+01 -9.202859997749328613e-01
-2.485737228393554688e+01 -6.427110433578491211e-01 -7.144830226898193359e-01 -1.400141811370849609e+01 2.209103584289550781e+01 -6.620594263076782227e-01
-3.246186828613281250e+01 -1.476292163133621216e-01 -8.984862565994262695e-01 -1.301457500457763672e+01 2.075937652587890625e+01 -4.775760769844055176e-01
-4.349459075927734375e+01 6.810347080230712891e+00 -1.633480429649353027e+00 -1.261207389831542969e+01 1.655918502807617188e+01 9.472212791442871094e-01
-4.456258392333984375e+01 1.213724899291992188e+01 -1.591478347778320312e+00 -1.143964862823486328e+01 1.309242057800292969e+01 3.716660022735595703e+00
-4.044260787963867188e+01 1.787437248229980469e+01 -1.409833192825317383e+00 -8.898632049560546875e+00 8.152253150939941406e+00 4.766582965850830078e+00
-3.330917739868164062e+01 2.140631675720214844e+01 -1.158448100090026855e+00 -6.688775062561035156e+00 4.037862300872802734e+00 5.038952350616455078e+00
-2.705919456481933594e+01 2.111814308166503906e+01 -1.177570223808288574e+00 -5.240320205688476562e+00 7.029012441635131836e-01 5.344147205352783203e+00
-1.524359130859375000e+01 2.045594024658203125e+01 -1.002210497856140137e+00 -7.596537113189697266e+00 -5.382791161537170410e-01 5.361039638519287109e+00
-1.190488529205322266e+01 2.061621093750000000e+01 -1.077759265899658203e+00 -9.577116012573242188e+00 -8.639387488365173340e-01 5.623960018157958984e+00
-1.129812145233154297e+01 2.026395416259765625e+01 -1.153547048568725586e+00 -1.470249080657958984e+01 -7.938029766082763672e-01 3.458817005157470703e+00
-1.203040599822998047e+01 1.819486427307128906e+01 -1.069236516952514648e+00 -2.139488029479980469e+01 -4.692594110965728760e-01 1.613356113433837891e+00
-1.246362876892089844e+01 1.590835189819335938e+01 -8.307738304138183594e-01 -2.734642028808593750e+01 3.816317319869995117e-01 -6.359725445508956909e-02
-1.220038890838623047e+01 1.091371726989746094e+01 -4.754905700683593750e-01 -3.529062271118164062e+01 7.661368846893310547e+00 -4.595102369785308838e-01
-1.020423316955566406e+01 7.473532199859619141e+00 -3.651233613491058350e-01 -3.747340011596679688e+01 1.332536029815673828e+01 -5.471121668815612793e-01
-8.819093704223632812e+00 3.731265068054199219e+00 -3.329848945140838623e-01 -3.595459365844726562e+01 1.775095367431640625e+01 -4.575218856334686279e-01
-8.023077964782714844e+00 1.103094577789306641e+00 -3.173436522483825684e-01 -3.182095146179199219e+01 2.096283340454101562e+01 -2.411055117845535278e-01
-9.392514228820800781e+00 -1.457724571228027344e-01 -2.989556491374969482e-01 -2.619005393981933594e+01 2.164838409423828125e+01 -1.574425250291824341e-01
-1.222649288177490234e+01 -5.165010094642639160e-01 -1.025890111923217773e-01 -1.732063293457031250e+01 2.376271247863769531e+01 -1.011066958308219910e-01
-1.179232597351074219e+01 -6.661823987960815430e-01 -4.527240991592407227e-03 -1.199729919433593750e+01 2.272322654724121094e+01 -2.755777835845947266e-01
-1.462082862854003906e+01 -6.342823505401611328e-01 -1.146532297134399414e-01 -9.423163414001464844e+00 2.077708053588867188e+01 -3.475971817970275879e-01
-1.982822036743164062e+01 -4.324756562709808350e-01 -4.129735529422760010e-01 -9.369053840637207031e+00 1.835577964782714844e+01 -8.478615880012512207e-01
-2.550251770019531250e+01 -2.694371640682220459e-01 -6.597527861595153809e-01 -1.233284473419189453e+01 1.556741619110107422e+01 -1.071121096611022949e+00
-3.561754989624023438e+01 2.925476551055908203e+00 -1.118327260017395020e+00 -1.378244018554687500e+01 1.323750209808349609e+01 -3.067376315593719482e-01
-3.849635314941406250e+01 8.676284790039062500e+00 -1.108478069305419922e+00 -1.031846237182617188e+01 1.009667682647705078e+01 1.652803421020507812e-01
-3.926514053344726562e+01 1.464986610412597656e+01 -1.139314055442810059e+00 -7.079228401184082031e+00 5.823235034942626953e+00 2.131427526473999023e+00
-3.705561828613281250e+01 1.928668403625488281e+01 -1.006113529205322266e+00 -4.708676338195800781e+00 1.825899004936218262e+00 3.446847915649414062e+00
-3.309514999389648438e+01 2.147504234313964844e+01 -9.936608672142028809e-01 -4.072326660156250000e+00 -2.294936627149581909e-01 4.369977951049804688e+00
-1.712132072448730469e+01 2.577934074401855469e+01 -5.202130079269409180e-01 -4.170370101928710938e+00 -8.364742398262023926e-01 4.234666824340820312e+00
-9.236517906188964844e+00 2.333531379699707031e+01 -9.152547121047973633e-01 -6.411572456359863281e+00 -9.368749856948852539e-01 2.920923233032226562e+00
-5.957489967346191406e+00 1.974976158142089844e+01 -1.184844374656677246e+00 -1.208404254913330078e+01 -8.718145489692687988e-01 1.758535385131835938e+00
-6.431260108947753906e+00 1.604621505737304688e+01 -1.414167165756225586e+00 -1.985486030578613281e+01 -5.661283135414123535e-01 -1.803768128156661987e-01
-7.600589752197265625e+00 1.207461929321289062e+01 -1.519190669059753418e+00 -2.729917907714843750e+01 1.030157804489135742e-01 -4.304835498332977295e-01
-1.218890285491943359e+01 7.417977809906005859e+00 -1.064727544784545898e+00 -3.808392333984375000e+01 1.245533084869384766e+01 -5.753052234649658203e-01
-9.587285041809082031e+00 4.612442493438720703e+00 -7.820634245872497559e-01 -3.841839599609375000e+01 1.626524353027343750e+01 -7.369123697280883789e-01
-6.888637065887451172e+00 -5.766698345541954041e-02 -3.934733569622039795e-01 -3.703663253784179688e+01 2.108821868896484375e+01 -8.224323391914367676e-01
-5.936891078948974609e+00 -3.993758857250213623e-01 -1.777114123106002808e-01 -3.410824966430664062e+01 2.414374160766601562e+01 -6.601815819740295410e-01
-6.855031013488769531e+00 -6.832333803176879883e-01 -1.554372161626815796e-01 -2.978638648986816406e+01 2.798349761962890625e+01 -4.415573775768280029e-01
-9.278379440307617188e+00 -8.267450332641601562e-01 -4.575932770967483521e-02 -2.000974845886230469e+01 2.790748405456542969e+01 -2.863659560680389404e-01
-1.081207656860351562e+01 -9.327005743980407715e-01 -1.096003800630569458e-01 -1.321145820617675781e+01 2.798219680786132812e+01 -9.975283592939376831e-02
-1.394092464447021484e+01 -9.901292920112609863e-01 -3.530148863792419434e-01 -8.046490669250488281e+00 2.587859344482421875e+01 -4.754381254315376282e-02
-1.908130836486816406e+01 -7.761349081993103027e-01 -6.119024157524108887e-01 -4.926609516143798828e+00 2.252603340148925781e+01 -1.377038210630416870e-01
-2.506711769104003906e+01 -2.262458354234695435e-01 -8.383572697639465332e-01 -4.833289623260498047e+00 1.772289276123046875e+01 -2.007669508457183838e-01
-3.417440414428710938e+01 3.969298362731933594e+00 -1.312830805778503418e+00 -7.336452007293701172e+00 1.402405071258544922e+01 -1.071206107735633850e-01
-3.996796798706054688e+01 8.667552947998046875e+00 -1.300112843513488770e+00 -7.368510723114013672e+00 1.116991329193115234e+01 9.015467166900634766e-01
-4.184540939331054688e+01 1.448054504394531250e+01 -1.230011463165283203e+00 -6.228389263153076172e+00 7.672855854034423828e+00 2.203400850296020508e+00
-3.894617080688476562e+01 1.839199066162109375e+01 -1.004390120506286621e+00 -4.744087219238281250e+00 4.525692939758300781e+00 3.331576824188232422e+00
-3.410393524169921875e+01 2.052508544921875000e+01 -8.736962676048278809e-01 -3.607716321945190430e+00 1.315995097160339355e+00 4.497227668762207031e+00
-2.150602722167968750e+01 2.749443626403808594e+01 -6.074222326278686523e-01 -4.926091670989990234e+00 -8.218849301338195801e-01 4.421603679656982422e+00
-1.440435504913330078e+01 2.643227386474609375e+01 -6.760808825492858887e-01 -1.110358333587646484e+01 -1.026650428771972656e+00 2.810927391052246094e+00
-8.074635505676269531e+00 2.479768371582031250e+01 -6.229507327079772949e-01 -1.754372978210449219e+01 -9.715078473091125488e-01 1.788177967071533203e+00
-2.825414896011352539e+00 1.984207344055175781e+01 -6.564632058143615723e-01 -2.445786094665527344e+01 -6.357015371322631836e-01 -2.287263981997966766e-02
-1.561674624681472778e-01 1.488734626770019531e+01 -5.375188589096069336e-01 -3.018842124938964844e+01 -5.930873379111289978e-02 -2.490057945251464844e-01
-1.159850955009460449e+00 4.450966358184814453e+00 -6.677752826362848282e-03 -3.731645202636718750e+01 1.388527774810791016e+01 -5.596839189529418945e-01
-2.320979118347167969e+00 1.502783298492431641e+00 1.157130002975463867e+00 -3.942183303833007812e+01 1.835727119445800781e+01 -6.486552357673645020e-01
-3.538050889968872070e+00 -2.877273261547088623e-01 1.912581205368041992e+00 -3.834445571899414062e+01 2.312537002563476562e+01 -7.822486162185668945e-01
-4.672483921051025391e+00 -5.566640496253967285e-01 2.999781370162963867e+00 -3.594857025146484375e+01 2.593468093872070312e+01 -7.763717770576477051e-01
-6.338514804840087891e+00 -5.537601113319396973e-01 3.187012434005737305e+00 -3.302540969848632812e+01 2.810462951660156250e+01 -7.983245849609375000e-01
-1.003773975372314453e+01 -7.497307658195495605e-01 6.924122571945190430e-02 -2.333822822570800781e+01 2.555203819274902344e+01 -5.858225822448730469e-01
-1.463778400421142578e+01 -8.263710141181945801e-01 -4.106677323579788208e-02 -1.848933219909667969e+01 2.561053848266601562e+01 -3.951999843120574951e-01
-1.959971427917480469e+01 -7.157710790634155273e-01 -1.869137138128280640e-01 -1.402655506134033203e+01 2.345689010620117188e+01 -2.521262168884277344e-01
-2.447569656372070312e+01 -3.787982463836669922e-01 -3.351897597312927246e-01 -1.045275402069091797e+01 2.049742317199707031e+01 1.421468257904052734e-01
-2.796765708923339844e+01 4.535002708435058594e-01 -5.089366436004638672e-01 -8.135416984558105469e+00 1.557231044769287109e+01 7.427654266357421875e-01
-3.412490463256835938e+01 9.536794662475585938e+00 -6.780000925064086914e-01 -5.980721950531005859e+00 6.586281299591064453e+00 1.153693199157714844e+00
-3.608549118041992188e+01 1.373078536987304688e+01 -8.683895468711853027e-01 -6.672174930572509766e+00 4.070516586303710938e+00 2.262457609176635742e+00
-3.613277435302734375e+01 1.806652450561523438e+01 -9.382210969924926758e-01 -8.259434700012207031e+00 1.636118292808532715e+00 2.131366491317749023e+00
-3.338396835327148438e+01 2.080104255676269531e+01 -8.568820357322692871e-01 -9.432631492614746094e+00 -2.378116920590400696e-02 3.382736206054687500e+00
-2.973352050781250000e+01 2.282391548156738281e+01 -7.662523388862609863e-01 -1.060673427581787109e+01 -1.201128587126731873e-01 4.218781948089599609e+00
-2.120839691162109375e+01 2.474714279174804688e+01 -8.582095503807067871e-01 -1.573624897003173828e+01 -2.009129077196121216e-01 4.141786098480224609e+00
-1.519850349426269531e+01 2.419656753540039062e+01 -6.858298778533935547e-01 -1.841782188415527344e+01 -2.574078142642974854e-01 2.837198734283447266e+00
-9.237493515014648438e+00 2.086166381835937500e+01 -4.364995658397674561e-01 -2.200748252868652344e+01 -1.035756468772888184e-01 1.806389331817626953e+00
-5.063642978668212891e+00 1.658212852478027344e+01 -2.593202888965606689e-01 -2.587579154968261719e+01 2.046133995056152344e+00 1.051407337188720703e+00
-2.823518276214599609e+00 1.318122673034667969e+01 -1.148469224572181702e-01 -2.970075798034667969e+01 6.750961780548095703e+00 -1.419572811573743820e-02
-1.321476578712463379e+00 9.069229125976562500e+00 -2.314526289701461792e-01 -3.364952850341796875e+01 1.054576683044433594e+01 -2.755842506885528564e-01
-1.030084013938903809e+00 4.652116775512695312e+00 -1.021154150366783142e-01 -3.517838668823242188e+01 1.647479248046875000e+01 -2.929333448410034180e-01
-2.879411220550537109e+00 -9.279900044202804565e-02 -1.967256702482700348e-02 -3.470396423339843750e+01 2.099422073364257812e+01 -5.038651823997497559e-01
-5.278625011444091797e+00 -3.294456601142883301e-01 6.724311709403991699e-01 -3.253145980834960938e+01 2.444012451171875000e+01 -5.160334706306457520e-01
-7.750521183013916016e+00 -5.683407187461853027e-01 7.424833178520202637e-01 -2.918025207519531250e+01 2.622886848449707031e+01 -5.460710525512695312e-01
-1.365394306182861328e+01 -7.035484910011291504e-01 -2.312401980161666870e-01 -2.305904388427734375e+01 2.717479896545410156e+01 -6.910554766654968262e-01
-1.668369102478027344e+01 -6.778018474578857422e-01 -1.989304870367050171e-01 -1.816274642944335938e+01 2.700764846801757812e+01 -4.239394366741180420e-01
-1.959461784362792969e+01 -5.858659148216247559e-01 -3.421481549739837646e-01 -1.299919605255126953e+01 2.436862182617187500e+01 -2.192464917898178101e-01
-2.206372070312500000e+01 -2.615467309951782227e-01 -4.655324518680572510e-01 -8.279381752014160156e+00 2.069352340698242188e+01 3.891644477844238281e-01
-2.447171974182128906e+01 1.941724538803100586e+00 -5.317687392234802246e-01 -5.404144287109375000e+00 1.580612659454345703e+01 1.392606258392333984e+00
-2.704766654968261719e+01 7.321822643280029297e+00 -7.420670986175537109e-01 -2.680094480514526367e+00 6.354975223541259766e+00 1.161937713623046875e-01
-2.920930480957031250e+01 1.035633087158203125e+01 -1.015137791633605957e+00 -2.352810859680175781e+00 3.024424076080322266e+00 6.826515197753906250e-01
-3.152655982971191406e+01 1.467959403991699219e+01 -1.271600127220153809e+00 -3.134807348251342773e+00 -1.544576883316040039e-02 2.060827255249023438e+00
-3.197818374633789062e+01 1.782385444641113281e+01 -1.436481237411499023e+00 -4.851516246795654297e+00 -3.069557845592498779e-01 1.800282478332519531e+00
-3.165726661682128906e+01 2.019751167297363281e+01 -1.518976330757141113e+00 -7.108384132385253906e+00 -4.927599430084228516e-01 1.716163635253906250e+00
-2.443534278869628906e+01 2.280712890625000000e+01 -1.314600229263305664e+00 -1.117700862884521484e+01 -6.606509089469909668e-01 2.424519538879394531e+00
-1.860217094421386719e+01 2.243894767761230469e+01 -1.245353937149047852e+00 -1.479933452606201172e+01 -6.690239310264587402e-01 2.043526649475097656e+00
-1.283106136322021484e+01 2.045401954650878906e+01 -1.155501723289489746e+00 -1.771811294555664062e+01 -5.435678958892822266e-01 1.183336257934570312e+00
-8.826996803283691406e+00 1.706211853027343750e+01 -1.055334448814392090e+00 -2.077264404296875000e+01 -2.469527721405029297e-01 1.777305603027343750e-01
-7.679841041564941406e+00 1.313725280761718750e+01 -9.576942324638366699e-01 -2.341849327087402344e+01 1.678556799888610840e+00 -8.082618564367294312e-02
-7.882575511932373047e+00 8.539644241333007812e+00 -5.464617609977722168e-01 -2.822395896911621094e+01 9.790924072265625000e+00 -3.941988050937652588e-01
-8.618342399597167969e+00 6.246581077575683594e+00 -4.605297744274139404e-01 -2.941682243347167969e+01 1.340327930450439453e+01 -4.658911824226379395e-01
-8.799121856689453125e+00 3.775871753692626953e+00 -4.035931229591369629e-01 -2.966529655456542969e+01 1.709697151184082031e+01 -5.990653038024902344e-01
-9.528910636901855469e+00 1.932891130447387695e+00 -2.587338685989379883e-01 -2.787970542907714844e+01 2.012835693359375000e+01 -5.977446436882019043e-01
-8.651480674743652344e+00 -1.344813108444213867e-01 -2.241780608892440796e-01 -2.446290206909179688e+01 2.208139419555664062e+01 -6.252394914627075195e-01
-1.143452548980712891e+01 -6.747465729713439941e-01 1.283070325851440430e+00 -2.350816154479980469e+01 2.564773941040039062e+01 -9.263386130332946777e-01
-1.335220050811767578e+01 -7.741714119911193848e-01 1.123177289962768555e+00 -1.973159980773925781e+01 2.654633331298828125e+01 -1.000823855400085449e+00
-1.525682067871093750e+01 -7.314543128013610840e-01 -2.447634935379028320e-03 -1.575867462158203125e+01 2.730678176879882812e+01 -7.661792635917663574e-01
-1.759543800354003906e+01 -7.700666785240173340e-01 -9.234937280416488647e-02 -1.151277828216552734e+01 2.536027908325195312e+01 -7.853009700775146484e-01
-1.975901794433593750e+01 -4.609366059303283691e-01 -1.080977693200111389e-01 -8.542201995849609375e+00 2.307978439331054688e+01 -5.746245980262756348e-01
-2.308586120605468750e+01 2.779622554779052734e+00 -6.108433604240417480e-01 -3.586692094802856445e+00 1.625931358337402344e+01 -8.800697326660156250e-02
-2.939435195922851562e+01 5.424814701080322266e+00 -9.393286108970642090e-01 -2.193902254104614258e+00 1.346870231628417969e+01 2.026009559631347656e-01
-3.513181304931640625e+01 1.053748512268066406e+01 -1.138898730278015137e+00 -2.357801198959350586e+00 9.051006317138671875e+00 1.363180637359619141e+00
-3.822876739501953125e+01 1.598949432373046875e+01 -1.292133688926696777e+00 -3.771024465560913086e+00 5.369029045104980469e+00 2.361044406890869141e+00
-3.806594848632812500e+01 1.978588485717773438e+01 -1.409825682640075684e+00 -5.007341861724853516e+00 9.741576910018920898e-01 2.967815876007080078e+00
-3.334941101074218750e+01 2.633824729919433594e+01 -1.676902174949645996e+00 -1.053758144378662109e+01 -4.986283779144287109e-01 5.663342475891113281e+00
-2.713508415222167969e+01 2.819305229187011719e+01 -1.547421216964721680e+00 -1.262533569335937500e+01 -8.928513526916503906e-01 6.045700073242187500e+00
-1.829286003112792969e+01 2.859319114685058594e+01 -1.283519864082336426e+00 -1.463412666320800781e+01 -1.008867144584655762e+00 4.755678653717041016e+00
-9.527426719665527344e+00 2.471911430358886719e+01 -1.020618200302124023e+00 -1.825549507141113281e+01 -9.293721318244934082e-01 3.107875347137451172e+00
-3.694316864013671875e+00 2.050198364257812500e+01 -9.037865996360778809e-01 -2.365334701538085938e+01 -4.395115971565246582e-01 8.456740379333496094e-01
-1.852944016456604004e+00 1.194458580017089844e+01 -8.337687849998474121e-01 -3.246688461303710938e+01 3.792356967926025391e+00 -2.650179564952850342e-01
-1.199088096618652344e+00 8.582691192626953125e+00 -6.635562777519226074e-01 -3.542893981933593750e+01 9.156148910522460938e+00 -4.745984077453613281e-01
-8.069097399711608887e-01 4.085422039031982422e+00 -3.347989320755004883e-01 -3.751521301269531250e+01 1.520039081573486328e+01 -6.890358328819274902e-01
-1.289059996604919434e+00 -1.318745594471693039e-02 -1.104737520217895508e-01 -3.813998794555664062e+01 2.057996368408203125e+01 -8.990002870559692383e-01
-2.297598838806152344e+00 -3.577677309513092041e-01 3.226076960563659668e-01 -3.692013931274414062e+01 2.458975982666015625e+01 -9.424457550048828125e-01
-6.984513282775878906e+00 -7.952744960784912109e-01 -9.714558720588684082e-02 -3.044482803344726562e+01 3.005652236938476562e+01 -1.013935923576354980e+00
-1.071995353698730469e+01 -7.930419445037841797e-01 -8.987038582563400269e-02 -2.459473228454589844e+01 3.039775085449218750e+01 -1.106569766998291016e+00
-1.455696105957031250e+01 -7.449722886085510254e-01 -1.042746827006340027e-01 -1.983839988708496094e+01 3.067272567749023438e+01 -8.896021842956542969e-01
-1.870875358581542969e+01 -5.558025836944580078e-01 -2.346907854080200195e-01 -1.543607807159423828e+01 2.782425689697265625e+01 -5.553361773490905762e-01
-2.158530044555664062e+01 -2.213473431766033173e-02 -3.028512299060821533e-01 -1.155304908752441406e+01 2.374281311035156250e+01 -2.067040503025054932e-01
-2.712411880493164062e+01 2.012449026107788086e+00 -5.993414521217346191e-01 -4.493102550506591797e+00 1.860385513305664062e+01 -4.671640321612358093e-02
-3.124277687072753906e+01 7.574494838714599609e+00 -7.960272431373596191e-01 -2.020918607711791992e+00 1.277966022491455078e+01 9.541053771972656250e-01
-3.379411697387695312e+01 1.365520477294921875e+01 -1.084900856018066406e+00 -1.063167929649353027e+00 6.161678314208984375e+00 3.081341743469238281e+00
-3.494142150878906250e+01 2.047882080078125000e+01 -1.185806632041931152e+00 -1.685213923454284668e+00 7.387267351150512695e-01 4.392708301544189453e+00
-3.377799224853515625e+01 2.542131233215332031e+01 -1.312485337257385254e+00 -3.195098638534545898e+00 -3.926923871040344238e-01 4.901340961456298828e+00
-2.877975845336914062e+01 3.223067474365234375e+01 -1.271978497505187988e+00 -1.061435031890869141e+01 -9.776919484138488770e-01 5.143480777740478516e+00
-2.461010360717773438e+01 3.203721618652343750e+01 -1.218504667282104492e+00 -1.353777980804443359e+01 -8.350962996482849121e-01 5.992420673370361328e+00
-1.921231842041015625e+01 2.845037841796875000e+01 -8.803841471672058105e-01 -1.541744709014892578e+01 -6.312071681022644043e-01 4.374390125274658203e+00
-1.304585266113281250e+01 2.436321258544921875e+01 -5.194472670555114746e-01 -1.747352027893066406e+01 -3.113741576671600342e-01 3.347920894622802734e+00
-7.986116886138916016e+00 1.968607139587402344e+01 -2.948805987834930420e-01 -2.023353958129882812e+01 1.605383276939392090e+00 1.555554866790771484e+00
-4.692403316497802734e+00 1.278168869018554688e+01 -2.343609184026718140e-01 -2.407170677185058594e+01 7.767083644866943359e+00 1.250822305679321289e+00
-3.608442783355712891e+00 1.016725349426269531e+01 -1.293568909168243408e-01 -2.649066734313964844e+01 1.037287139892578125e+01 -8.006585389375686646e-02
-3.042069911956787109e+00 6.314795970916748047e+00 -5.899518355727195740e-02 -2.872117424011230469e+01 1.494381999969482422e+01 -2.242212146520614624e-01
-3.120355129241943359e+00 3.350411891937255859e+00 -8.760636299848556519e-02 -2.968701171875000000e+01 1.895046615600585938e+01 -3.310187458992004395e-01
-3.408671617507934570e+00 2.303216457366943359e-01 -5.111974105238914490e-02 -2.866240501403808594e+01 2.250087738037109375e+01 -3.596897423267364502e-01
-8.771773338317871094e+00 -5.474290251731872559e-02 -1.892787287943065166e-03 -2.457486343383789062e+01 2.449848365783691406e+01 -3.462571799755096436e-01
-1.288965797424316406e+01 -9.706488996744155884e-02 -1.600211299955844879e-02 -2.268883705139160156e+01 2.596731376647949219e+01 -3.327482640743255615e-01
-1.604681396484375000e+01 -3.781372308731079102e-02 -1.790202222764492035e-02 -2.080828666687011719e+01 2.604539108276367188e+01 -3.373830914497375488e-01
-1.795387077331542969e+01 1.241899967193603516e+00 -8.158677071332931519e-02 -1.781956291198730469e+01 2.502070617675781250e+01 -4.070177972316741943e-01
-1.725784873962402344e+01 2.235486984252929688e+00 -6.273358315229415894e-02 -1.428636837005615234e+01 2.223899459838867188e+01 -3.117798268795013428e-01
-1.783284187316894531e+01 6.132088184356689453e+00 -1.874888241291046143e-01 -1.054648113250732422e+01 1.594916820526123047e+01 9.383106231689453125e-02
-2.159074974060058594e+01 8.191360473632812500e+00 -3.185254037380218506e-01 -9.845110893249511719e+00 1.437287807464599609e+01 1.515131473541259766e+00
-2.537643241882324219e+01 1.124139404296875000e+01 -5.212227106094360352e-01 -1.012660884857177734e+01 1.241152667999267578e+01 9.697656631469726562e-01
-2.813234519958496094e+01 1.461541938781738281e+01 -7.070075273513793945e-01 -1.066213703155517578e+01 1.088519573211669922e+01 4.916658401489257812e-01
-2.818075942993164062e+01 1.655690574645996094e+01 -7.802647948265075684e-01 -1.093667888641357422e+01 8.369020462036132812e+00 2.403111457824707031e-01
-2.219838333129882812e+01 1.915443420410156250e+01 -1.236526489257812500e+00 -1.199427223205566406e+01 7.701237201690673828e+00 2.555674552917480469e+00
-1.975836372375488281e+01 1.961482620239257812e+01 -9.408077597618103027e-01 -1.324676036834716797e+01 6.157818317413330078e+00 2.967975139617919922e+00
-1.500812244415283203e+01 1.990871238708496094e+01 -5.390787720680236816e-01 -1.440579700469970703e+01 5.569523334503173828e+00 2.916835784912109375e+00
-1.091364669799804688e+01 1.792366790771484375e+01 -4.125853180885314941e-01 -1.604211616516113281e+01 6.047404766082763672e+00 1.997728109359741211e+00
-8.457301139831542969e+00 1.597176933288574219e+01 -3.225829303264617920e-01 -1.677556419372558594e+01 6.323922634124755859e+00 1.629833698272705078e+00
-8.919277191162109375e+00 1.187705421447753906e+01 -6.951569318771362305e-01 -2.039383316040039062e+01 1.181200695037841797e+01 8.362076282501220703e-01
-9.920255661010742188e+00 1.039161300659179688e+01 -8.389745950698852539e-01 -2.253370666503906250e+01 1.288835811614990234e+01 3.194272518157958984e-01
-1.115587902069091797e+01 9.891458511352539062e+00 -9.108068346977233887e-01 -2.335010528564453125e+01 1.476399517059326172e+01 5.174547433853149414e-01
-1.195426940917968750e+01 8.700990676879882812e+00 -7.820544838905334473e-01 -2.294939422607421875e+01 1.568155574798583984e+01 7.302227020263671875e-01
-1.194082260131835938e+01 8.198965072631835938e+00 -6.223023533821105957e-01 -2.084168052673339844e+01 1.712899971008300781e+01 1.204923629760742188e+00
