-5.931792736053466797e+00 -1.222920298576354980e+00 -7.638420462608337402e-01 -7.295623302459716797e+00 3.946424865722656250e+01 -4.250555038452148438e-01
-1.694985008239746094e+01 -8.184038400650024414e-01 -2.150866270065307617e+00 -1.242124843597412109e+01 3.822060775756835938e+01 -5.635442137718200684e-01
-3.552587890625000000e+01 -5.029120668768882751e-02 -3.314260482788085938e+00 -1.869933700561523438e+01 3.462220764160156250e+01 -5.238173604011535645e-01
-5.300743484497070312e+01 1.220859336853027344e+01 -3.702632665634155273e+00 -2.085934448242187500e+01 2.910701179504394531e+01 3.241029739379882812e+00
-6.076483154296875000e+01 2.426792716979980469e+01 -3.630362749099731445e+00 -1.926048851013183594e+01 2.254047012329101562e+01 6.755280494689941406e+00
-5.572728347778320312e+01 3.267434692382812500e+01 -1.031625747680664062e+00 -1.081852626800537109e+01 1.724103164672851562e+01 3.922852039337158203e+00
-3.944364547729492188e+01 3.694122314453125000e+01 -1.232006549835205078e-01 -4.051260948181152344e+00 9.123056411743164062e+00 5.135653018951416016e+00
-2.081729888916015625e+01 3.753377532958984375e+01 2.050556898117065430e+00 -2.824834346771240234e+00 2.589658498764038086e-01 3.817173480987548828e+00
-7.828572750091552734e+00 3.618441009521484375e+01 1.346035718917846680e+00 -7.740419864654541016e+00 -4.168455600738525391e-01 -1.380704641342163086e-01
-6.598096370697021484e+00 3.355927276611328125e+01 -2.275518029928207397e-01 -1.844494819641113281e+01 -3.544479906558990479e-01 -5.804232954978942871e-01
-1.665815162658691406e+01 3.449793243408203125e+01 -1.471851229667663574e+00 -3.229580307006835938e+01 2.670224905014038086e-01 -3.295678853988647461e+00
-1.992923355102539062e+01 3.055556297302246094e+01 -7.763025164604187012e-01 -4.813689804077148438e+01 1.189852714538574219e+01 -3.986363172531127930e+00
-1.686193275451660156e+01 2.283439064025878906e+01 2.802445173263549805e+00 -5.828921508789062500e+01 2.363102531433105469e+01 -4.985145092010498047e+00
-1.066286087036132812e+01 1.458965110778808594e+01 4.266247272491455078e+00 -6.023374176025390625e+01 3.451646804809570312e+01 -5.586347103118896484e+00
-5.808780193328857422e+00 5.164963722229003906e+00 2.999737024307250977e+00 -5.439960479736328125e+01 4.237594604492187500e+01 -5.003270626068115234e+00
-5.774151802062988281e+00 8.782246112823486328e-01 8.597971796989440918e-01 -3.460807037353515625e+01 4.579909515380859375e+01 -1.992318987846374512e+00
-3.225370883941650391e+00 -4.598203301429748535e-01 -4.828244745731353760e-01 -2.065877342224121094e+01 4.332402801513671875e+01 -1.483737945556640625e+00
-1.123344326019287109e+01 -7.435244917869567871e-01 -1.220695972442626953e+00 -1.076433467864990234e+01 3.962877655029296875e+01 -9.109311103820800781e-01
-2.236883544921875000e+01 -5.445895791053771973e-01 -1.805874824523925781e+00 -8.499108314514160156e+00 3.634712982177734375e+01 -3.794595897197723389e-01
-3.562238311767578125e+01 2.027431726455688477e+00 -2.108828306198120117e+00 -1.271100521087646484e+01 3.223825454711914062e+01 -5.226559042930603027e-01
-4.963845825195312500e+01 1.351993560791015625e+01 -3.079834461212158203e+00 -2.066914558410644531e+01 3.213145065307617188e+01 -2.706809937953948975e-01
-5.580224609375000000e+01 2.204726982116699219e+01 -2.698329687118530273e+00 -1.713845062255859375e+01 2.682605552673339844e+01 3.368293762207031250e+00
-5.310657501220703125e+01 3.194734382629394531e+01 -2.527692079544067383e+00 -1.163505077362060547e+01 1.852558898925781250e+01 5.183170795440673828e+00
-4.424787521362304688e+01 3.764548110961914062e+01 -2.119366168975830078e+00 -5.757489681243896484e+00 1.059181404113769531e+01 5.475996971130371094e+00
-3.398632431030273438e+01 4.090198135375976562e+01 -1.920207619667053223e+00 -4.238753795623779297e+00 2.806185245513916016e+00 4.316826820373535156e+00
-1.554264354705810547e+01 3.765872573852539062e+01 -1.262550830841064453e+00 -1.274093151092529297e+01 -3.945595324039459229e-01 -2.838614583015441895e-01
-1.090073680877685547e+01 3.573810958862304688e+01 -9.872369170188903809e-01 -2.288166236877441406e+01 -4.340340197086334229e-01 -1.169123530387878418e+00
-1.113094425201416016e+01 3.271188354492187500e+01 -7.985841631889343262e-01 -3.567069625854492188e+01 5.663179159164428711e-01 -1.646032214164733887e+00
-1.399040985107421875e+01 2.890540313720703125e+01 -8.380123972892761230e-01 -4.913329315185546875e+01 7.333668231964111328e+00 -2.363328933715820312e+00
-1.820681953430175781e+01 2.261782836914062500e+01 -7.093042135238647461e-01 -5.806691360473632812e+01 1.719613456726074219e+01 -2.831150293350219727e+00
-1.761793518066406250e+01 1.313140106201171875e+01 1.809454679489135742e+00 -5.437522506713867188e+01 3.005571365356445312e+01 -2.825464248657226562e+00
-1.035544395446777344e+01 5.552710056304931641e+00 2.311789274215698242e+00 -4.592191314697265625e+01 3.739346313476562500e+01 -2.741764545440673828e+00
-6.145818233489990234e+00 -3.060834407806396484e-01 -6.245166063308715820e-03 -3.284306716918945312e+01 4.039829254150390625e+01 -2.070132017135620117e+00
-6.284383296966552734e+00 -7.404841780662536621e-01 -4.221261441707611084e-01 -1.879681968688964844e+01 4.068076324462890625e+01 -1.491838455200195312e+00
-1.038868618011474609e+01 -8.899208903312683105e-01 -9.270898103713989258e-01 -9.356795310974121094e+00 3.714322662353515625e+01 -1.353033542633056641e+00
-2.821271324157714844e+01 -2.019076421856880188e-02 -1.348093748092651367e+00 -9.584895133972167969e+00 3.272850799560546875e+01 -4.055946469306945801e-01
-3.987881088256835938e+01 4.346672534942626953e+00 -2.246940612792968750e+00 -1.054924011230468750e+01 3.118424987792968750e+01 -6.775293499231338501e-02
-5.219369506835937500e+01 1.159606933593750000e+01 -3.296736955642700195e+00 -1.185717391967773438e+01 2.674245262145996094e+01 2.160515308380126953e+00
-6.078076171875000000e+01 2.084598731994628906e+01 -3.545010328292846680e+00 -1.253166103363037109e+01 2.152810478210449219e+01 3.096626281738281250e+00
-6.168010330200195312e+01 2.945586967468261719e+01 -3.443476915359497070e+00 -1.234543228149414062e+01 1.510342502593994141e+01 5.142960071563720703e+00
-4.186041259765625000e+01 3.781827545166015625e+01 -2.871453523635864258e+00 -6.417453765869140625e+00 2.473968029022216797e+00 4.296996593475341797e+00
-2.923670768737792969e+01 4.007218933105468750e+01 -2.535868167877197266e+00 -5.680337429046630859e+00 -4.673252701759338379e-01 6.198181152343750000e+00
-1.803721427917480469e+01 4.048199081420898438e+01 -2.749308109283447266e+00 -9.354559898376464844e+00 -8.825055360794067383e-01 1.714236497879028320e+00
-1.259416580200195312e+01 3.674736785888671875e+01 -2.539919376373291016e+00 -1.769906425476074219e+01 -8.082821965217590332e-01 -5.084618926048278809e-01
-1.297793579101562500e+01 3.285555648803710938e+01 -2.616725206375122070e+00 -2.991258621215820312e+01 -2.730068862438201904e-01 -1.046331286430358887e+00
-1.888117218017578125e+01 2.956807899475097656e+01 -7.463445067405700684e-01 -5.297283935546875000e+01 5.319491863250732422e+00 -2.546075582504272461e+00
-1.443899726867675781e+01 2.244541740417480469e+01 -6.611150503158569336e-01 -6.006396484375000000e+01 1.735405731201171875e+01 -2.475687980651855469e+00
-1.171319866180419922e+01 1.249296379089355469e+01 -1.152562424540519714e-01 -5.821496200561523438e+01 2.948913192749023438e+01 -2.577972173690795898e+00
-9.016158103942871094e+00 3.551305294036865234e+00 2.761458158493041992e+00 -5.186056137084960938e+01 3.831293106079101562e+01 -2.179365158081054688e+00
-1.007477664947509766e+01 -3.319197297096252441e-01 2.386976957321166992e+00 -4.227016067504882812e+01 4.570632171630859375e+01 -1.714196801185607910e+00
-1.318636226654052734e+01 -1.168089866638183594e+00 -3.267449736595153809e-01 -1.839074707031250000e+01 4.550942993164062500e+01 -3.765582740306854248e-01
-1.867439270019531250e+01 -1.282188773155212402e+00 -6.870113015174865723e-01 -9.782645225524902344e+00 4.363845062255859375e+01 -3.148748576641082764e-01
-2.677323341369628906e+01 -9.644498825073242188e-01 -1.098218798637390137e+00 -6.052402973175048828e+00 4.073077774047851562e+01 -1.260863393545150757e-01
-3.653527069091796875e+01 -4.655000269412994385e-01 -1.500508785247802734e+00 -5.165797233581542969e+00 3.657851791381835938e+01 -1.532447785139083862e-01
-4.281970596313476562e+01 1.700874805450439453e+00 -1.525563359260559082e+00 -4.331527233123779297e+00 3.077259826660156250e+01 -3.473703861236572266e-01
-5.094961166381835938e+01 1.478970527648925781e+01 -1.962368249893188477e+00 -1.041450023651123047e+01 2.060404396057128906e+01 -9.867122769355773926e-01
-5.218840408325195312e+01 2.610639190673828125e+01 -1.833305954933166504e+00 -1.089026260375976562e+01 1.286459636688232422e+01 -6.013572216033935547e-01
-4.473499679565429688e+01 3.411349487304687500e+01 -1.383193969726562500e+00 -1.083446121215820312e+01 5.436990261077880859e+00 -4.198365807533264160e-01
-3.269882583618164062e+01 3.957603836059570312e+01 -9.299688339233398438e-01 -1.082831954956054688e+01 8.236062526702880859e-02 1.021973133087158203e+00
-2.000733184814453125e+01 3.995931243896484375e+01 -7.894573807716369629e-01 -1.169988632202148438e+01 -2.236979007720947266e-01 3.822327136993408203e+00
-1.036240291595458984e+01 3.409850311279296875e+01 -1.597750067710876465e+00 -2.899747657775878906e+01 1.118329763412475586e-01 -1.001010298728942871e+00
-6.414855480194091797e+00 2.983357238769531250e+01 -1.225565314292907715e+00 -3.583623886108398438e+01 4.114583492279052734e+00 -1.858743667602539062e+00
-4.781438350677490234e+00 2.439256095886230469e+01 -5.930443406105041504e-01 -4.157241058349609375e+01 1.138278484344482422e+01 -2.422544240951538086e+00
-5.103859901428222656e+00 1.897482872009277344e+01 -5.169346332550048828e-01 -4.573347091674804688e+01 1.771447181701660156e+01 -2.816268205642700195e+00
-5.953582286834716797e+00 1.303127479553222656e+01 -3.750862479209899902e-01 -4.766636657714843750e+01 2.512505340576171875e+01 -2.901465177536010742e+00
-1.142066669464111328e+01 2.586649417877197266e+00 -5.246883034706115723e-01 -4.551303482055664062e+01 3.496164703369140625e+01 -1.426361322402954102e+00
-1.380535602569580078e+01 -2.000638544559478760e-01 -3.878279924392700195e-01 -3.906026077270507812e+01 4.043309020996093750e+01 -1.460012435913085938e+00
-1.905015373229980469e+01 -5.494214892387390137e-01 -5.492479205131530762e-01 -2.988702392578125000e+01 4.275680541992187500e+01 -1.267988324165344238e+00
-2.362727928161621094e+01 -5.293878316879272461e-01 -7.178634405136108398e-01 -2.081815147399902344e+01 4.149101638793945312e+01 -1.254553556442260742e+00
-2.813221549987792969e+01 -3.233300745487213135e-01 -1.028184413909912109e+00 -1.460888862609863281e+01 3.851497650146484375e+01 -1.242176055908203125e+00
-3.563917160034179688e+01 8.141878128051757812e+00 -2.212917327880859375e+00 -7.932322025299072266e+00 2.699888420104980469e+01 -5.539272427558898926e-01
-4.208605575561523438e+01 1.335525894165039062e+01 -2.806579351425170898e+00 -7.055986881256103516e+00 2.345454597473144531e+01 -4.131140708923339844e-01
-4.791299819946289062e+01 2.111491203308105469e+01 -3.272806882858276367e+00 -9.556003570556640625e+00 1.817603111267089844e+01 -3.921497464179992676e-01
-5.049697494506835938e+01 2.818211555480957031e+01 -3.470967054367065430e+00 -1.210490798950195312e+01 1.431915378570556641e+01 -7.774137854576110840e-01
-4.745138168334960938e+01 3.107440757751464844e+01 -3.442366838455200195e+00 -1.467559528350830078e+01 9.224844932556152344e+00 -9.580033421516418457e-01
-3.438285827636718750e+01 3.460255432128906250e+01 -3.032758235931396484e+00 -1.792527770996093750e+01 7.700753688812255859e+00 -1.374877810478210449e+00
-2.524247360229492188e+01 3.742741775512695312e+01 -2.758798837661743164e+00 -2.105346488952636719e+01 4.068944454193115234e+00 -1.129701495170593262e+00
-1.536371040344238281e+01 3.637059783935546875e+01 -2.392198801040649414e+00 -2.544427108764648438e+01 3.668176174163818359e+00 -1.211031675338745117e+00
-8.986342430114746094e+00 3.354589462280273438e+01 -1.890122771263122559e+00 -3.099024772644042969e+01 7.371911525726318359e+00 -1.020207762718200684e+00
-5.452172279357910156e+00 2.650964927673339844e+01 -1.724978089332580566e+00 -3.426705551147460938e+01 1.470898532867431641e+01 -9.828625917434692383e-01
-5.392701148986816406e+00 1.626349449157714844e+01 -7.741832137107849121e-01 -4.123115539550781250e+01 1.975914382934570312e+01 -1.828481554985046387e+00
-9.555753707885742188e+00 1.031227111816406250e+01 -7.570335268974304199e-01 -4.620999145507812500e+01 2.777930641174316406e+01 -2.174863576889038086e+00
-1.465975093841552734e+01 4.038321018218994141e+00 -5.397738814353942871e-01 -4.874588012695312500e+01 3.628177261352539062e+01 -2.315385103225708008e+00
-1.955581092834472656e+01 -2.682578563690185547e-02 -6.441138982772827148e-01 -4.716081619262695312e+01 4.227022552490234375e+01 -2.313074827194213867e+00
-2.303069114685058594e+01 -1.223992109298706055e-01 -5.890544652938842773e-01 -4.118831253051757812e+01 4.525524520874023438e+01 -2.040135860443115234e+00
-2.374496650695800781e+01 -3.400988280773162842e-01 -1.617161035537719727e+00 -2.220033264160156250e+01 4.192250823974609375e+01 -4.266689717769622803e-01
-3.094551086425781250e+01 -2.525545656681060791e-01 -1.780150413513183594e+00 -1.479636383056640625e+01 3.888831710815429688e+01 -3.423437178134918213e-01
-3.868394088745117188e+01 2.193292140960693359e+00 -2.042212247848510742e+00 -9.409597396850585938e+00 3.318095016479492188e+01 -9.401273913681507111e-03
-4.473854064941406250e+01 9.685125350952148438e+00 -2.239715337753295898e+00 -6.254001140594482422e+00 2.676993942260742188e+01 7.489156723022460938e-02
-4.849607849121093750e+01 1.536282157897949219e+01 -2.459553480148315430e+00 -5.398673057556152344e+00 1.919066619873046875e+01 -3.874097019433975220e-02
-4.728089904785156250e+01 2.826285362243652344e+01 -2.528485774993896484e+00 -7.500458717346191406e+00 8.632919311523437500e+00 2.790065288543701172e+00
-4.317339706420898438e+01 3.456923675537109375e+01 -2.609433650970458984e+00 -1.060794162750244141e+01 4.291003704071044922e+00 6.529333114624023438e+00
-3.490151214599609375e+01 3.751766586303710938e+01 -2.611541271209716797e+00 -1.341891384124755859e+01 -1.728895753622055054e-01 7.352340698242187500e+00
-2.429453659057617188e+01 3.876644515991210938e+01 -2.584435939788818359e+00 -1.597179317474365234e+01 -3.464302718639373779e-01 5.379202365875244141e+00
-1.450749111175537109e+01 3.614483261108398438e+01 -2.630281686782836914e+00 -1.904934501647949219e+01 -4.289652407169342041e-01 2.691940784454345703e+00
-7.395110607147216797e+00 2.984770584106445312e+01 -1.610178351402282715e+00 -3.326090621948242188e+01 1.232400298118591309e+00 -1.247607588768005371e+00
-8.229218482971191406e+00 2.538805961608886719e+01 -6.479234099388122559e-01 -4.130822372436523438e+01 6.458849430084228516e+00 -1.968595385551452637e+00
-6.915792942047119141e+00 1.851341629028320312e+01 1.327595472335815430e+00 -4.716254043579101562e+01 1.449091339111328125e+01 -2.198935031890869141e+00
-6.659764289855957031e+00 1.308105659484863281e+01 3.314858198165893555e+00 -4.705688858032226562e+01 2.292663002014160156e+01 -2.095775604248046875e+00
-7.160145759582519531e+00 6.276072978973388672e+00 5.223865985870361328e+00 -4.212502670288085938e+01 2.679544067382812500e+01 -2.143454074859619141e+00
-1.490015602111816406e+01 -4.925586879253387451e-01 -2.230580523610115051e-02 -3.855821609497070312e+01 4.357366180419921875e+01 -1.494682550430297852e+00
-1.443906688690185547e+01 -7.060337066650390625e-01 -1.373753845691680908e-01 -3.054077529907226562e+01 4.478558349609375000e+01 -9.814592599868774414e-01
-1.535408687591552734e+01 -8.050721287727355957e-01 -6.050716042518615723e-01 -1.895538711547851562e+01 4.168481445312500000e+01 -5.483954548835754395e-01
-1.771400833129882812e+01 -6.613899469375610352e-01 -9.145764708518981934e-01 -9.496787071228027344e+00 3.650365066528320312e+01 -1.907445043325424194e-01
-2.325702857971191406e+01 -6.345119327306747437e-02 -1.231142163276672363e+00 -5.942891120910644531e+00 2.945141983032226562e+01 -1.200879141688346863e-01
-4.336602401733398438e+01 1.313327598571777344e+01 -2.298056125640869141e+00 -8.278389930725097656e+00 1.881993484497070312e+01 -8.918295055627822876e-02
-4.736039352416992188e+01 1.859397315979003906e+01 -2.760023117065429688e+00 -7.565598487854003906e+00 1.451928997039794922e+01 2.037372589111328125e-01
-5.027556991577148438e+01 2.519791221618652344e+01 -3.036506414413452148e+00 -1.080242633819580078e+01 1.039414501190185547e+01 -1.234176680445671082e-01
-4.980742263793945312e+01 3.115775871276855469e+01 -2.964403629302978516e+00 -1.485862445831298828e+01 7.098618984222412109e+00 -4.786815866827964783e-02
-4.566439437866210938e+01 3.516017150878906250e+01 -2.720576047897338867e+00 -1.855808830261230469e+01 4.561053752899169922e+00 -1.829798668622970581e-01
-2.682962417602539062e+01 3.695247650146484375e+01 -2.051019191741943359e+00 -2.032433128356933594e+01 1.030291914939880371e+00 -6.377038359642028809e-01
-1.558514404296875000e+01 3.585400390625000000e+01 -1.968492388725280762e+00 -2.449027061462402344e+01 -1.404186934232711792e-01 -4.827847480773925781e-01
-7.705867290496826172e+00 3.269340515136718750e+01 -1.986810564994812012e+00 -3.161726379394531250e+01 1.105264067649841309e+00 -8.039757609367370605e-01
-4.748475551605224609e+00 2.561686515808105469e+01 -1.531922817230224609e+00 -4.077260971069335938e+01 7.142257213592529297e+00 -1.266420125961303711e+00
-5.495585918426513672e+00 1.867007637023925781e+01 -1.227535963058471680e+00 -4.951259994506835938e+01 1.682118797302246094e+01 -1.698225378990173340e+00
-5.422683715820312500e+00 1.002686691284179688e+01 -2.598416507244110107e-01 -4.899306106567382812e+01 2.664270210266113281e+01 -3.494411468505859375e+00
-5.714080810546875000e+00 4.524535655975341797e+00 5.470913648605346680e-02 -4.439289093017578125e+01 3.326663208007812500e+01 -3.607986450195312500e+00
-6.852765083312988281e+00 -2.989198863506317139e-01 3.159830808639526367e+00 -3.846837615966796875e+01 3.995491790771484375e+01 -3.676629781723022461e+00
-1.050522136688232422e+01 -7.009874582290649414e-01 3.339613676071166992e+00 -3.121271705627441406e+01 4.218019485473632812e+01 -3.335192918777465820e+00
-1.534296894073486328e+01 -5.069519281387329102e-01 3.033684492111206055e+00 -2.405931282043457031e+01 4.367085266113281250e+01 -3.052054166793823242e+00
-2.174449539184570312e+01 -1.719783842563629150e-01 -1.170218348503112793e+00 -1.173393917083740234e+01 3.595579147338867188e+01 -2.545280218124389648e+00
-2.828189086914062500e+01 2.001383066177368164e+00 -1.621274590492248535e+00 -6.297601699829101562e+00 2.862215423583984375e+01 -2.413047075271606445e+00
-3.773679733276367188e+01 9.649427413940429688e+00 -2.163555860519409180e+00 -5.667750835418701172e+00 2.170726776123046875e+01 -2.187332630157470703e+00
-4.552842330932617188e+01 1.760437011718750000e+01 -2.571246623992919922e+00 -8.573037147521972656e+00 1.538960552215576172e+01 -1.518932223320007324e+00
-5.053533935546875000e+01 2.772508430480957031e+01 -2.606431722640991211e+00 -1.253695011138916016e+01 9.748944282531738281e+00 -1.195307135581970215e+00
-4.360372924804687500e+01 3.819530487060546875e+01 -1.060985088348388672e+00 -1.579790496826171875e+01 5.104793071746826172e+00 -8.295475244522094727e-01
-3.561197662353515625e+01 4.139615249633789062e+01 -1.318162441253662109e+00 -1.861997985839843750e+01 2.374194622039794922e+00 -6.257910132408142090e-01
-2.679443931579589844e+01 4.129359817504882812e+01 -1.540831327438354492e+00 -2.254151916503906250e+01 -9.392607025802135468e-03 -7.368535995483398438e-01
-1.835216140747070312e+01 3.981151199340820312e+01 -1.590586781501770020e+00 -2.771168518066406250e+01 3.270143270492553711e-01 -8.318120837211608887e-01
-1.318168926239013672e+01 3.573343658447265625e+01 -1.700825572013854980e+00 -3.365104675292968750e+01 4.812756061553955078e+00 -8.962076306343078613e-01
-7.280368804931640625e+00 2.946864128112792969e+01 -9.055171012878417969e-01 -4.158862686157226562e+01 7.772666454315185547e+00 -1.170694947242736816e+00
-5.644477367401123047e+00 2.229586791992187500e+01 -5.959621071815490723e-01 -4.511912155151367188e+01 1.336921596527099609e+01 -1.604328513145446777e+00
-5.526828765869140625e+00 1.538503265380859375e+01 -8.516038209199905396e-02 -4.674445724487304688e+01 2.192087554931640625e+01 -1.778162002563476562e+00
-6.709217071533203125e+00 7.482340335845947266e+00 1.343846082687377930e+00 -4.566760253906250000e+01 2.839106178283691406e+01 -1.860260009765625000e+00
-7.913996219635009766e+00 2.440918445587158203e+00 2.636879682540893555e+00 -4.199855422973632812e+01 3.446622467041015625e+01 -1.886548638343811035e+00
-1.627713775634765625e+01 1.841014385223388672e+00 -3.840754926204681396e-01 -3.573079299926757812e+01 3.710984802246093750e+01 -1.370289444923400879e+00
-2.195956611633300781e+01 -1.476138681173324585e-01 -4.381896555423736572e-01 -3.017318534851074219e+01 3.904389190673828125e+01 -1.276430964469909668e+00
-2.848345756530761719e+01 1.363444328308105469e-01 -8.054179549217224121e-01 -2.286929893493652344e+01 3.607518005371093750e+01 -1.103908896446228027e+00
-3.364841842651367188e+01 3.773323535919189453e+00 -1.362848162651062012e+00 -1.498063659667968750e+01 3.127539825439453125e+01 -7.156524062156677246e-01
-3.655471420288085938e+01 8.831651687622070312e+00 -1.735421419143676758e+00 -9.651254653930664062e+00 2.177470397949218750e+01 -6.754449009895324707e-01
-4.491252136230468750e+01 2.523710250854492188e+01 -2.565274953842163086e+00 -1.008941745758056641e+01 1.904883766174316406e+01 3.050209999084472656e+00
-4.417885971069335938e+01 3.092490196228027344e+01 -2.636096715927124023e+00 -7.648892879486083984e+00 1.293542003631591797e+01 5.551572799682617188e+00
-3.916767120361328125e+01 3.544134140014648438e+01 -2.486581563949584961e+00 -7.025479793548583984e+00 6.393139362335205078e+00 5.059396743774414062e+00
-3.434247589111328125e+01 3.822632980346679688e+01 -2.304361104965209961e+00 -8.069657325744628906e+00 4.787553548812866211e-01 4.173116683959960938e+00
-3.133194351196289062e+01 4.223926544189453125e+01 -2.528420448303222656e+00 -1.153136730194091797e+01 -1.057614013552665710e-01 4.555887222290039062e+00
-2.055956840515136719e+01 4.099166107177734375e+01 -1.413318514823913574e+00 -2.249557685852050781e+01 -1.780069023370742798e-01 -9.225227236747741699e-01
-1.527837848663330078e+01 3.659695434570312500e+01 -1.345756411552429199e+00 -2.957174491882324219e+01 1.169608831405639648e-01 -1.359600424766540527e+00
-1.140776157379150391e+01 2.876356697082519531e+01 -8.467432856559753418e-01 -3.725916671752929688e+01 7.409587383270263672e+00 -1.596862435340881348e+00
-8.313157081604003906e+00 2.039612197875976562e+01 -5.662446618080139160e-01 -4.574616241455078125e+01 1.571939754486083984e+01 -1.844377875328063965e+00
-4.927089691162109375e+00 1.244773101806640625e+01 -1.023684740066528320e-01 -5.036526107788085938e+01 2.622227859497070312e+01 -2.035933971405029297e+00
-6.512284278869628906e+00 1.085886955261230469e-01 -5.957982540130615234e-01 -4.581761932373046875e+01 3.243994140625000000e+01 -2.243763208389282227e+00
-9.262057304382324219e+00 -5.081467032432556152e-01 -8.415131568908691406e-01 -4.019872665405273438e+01 3.713081359863281250e+01 -2.220909357070922852e+00
-1.287367439270019531e+01 -7.510464191436767578e-01 -1.432018041610717773e+00 -3.262127685546875000e+01 4.051452255249023438e+01 -1.854285478591918945e+00
-1.764264488220214844e+01 -9.623705148696899414e-01 -1.818553805351257324e+00 -2.417956161499023438e+01 4.081409835815429688e+01 -2.071412801742553711e+00
-2.405970573425292969e+01 -7.125057578086853027e-01 -2.086465358734130859e+00 -1.741764640808105469e+01 3.768723297119140625e+01 -2.168435573577880859e+00
-3.296536636352539062e+01 6.500923633575439453e+00 -2.241092205047607422e+00 -1.376549243927001953e+01 2.598222923278808594e+01 -1.547253489494323730e+00
-3.786202239990234375e+01 1.092162513732910156e+01 -2.333686351776123047e+00 -1.287937927246093750e+01 2.285688781738281250e+01 -1.559352993965148926e+00
-4.223954391479492188e+01 1.805640220642089844e+01 -2.021443843841552734e+00 -1.363514709472656250e+01 1.972533798217773438e+01 -1.294313073158264160e+00
-4.422367477416992188e+01 2.323571586608886719e+01 -1.893564462661743164e+00 -1.538548278808593750e+01 1.726655387878417969e+01 -9.908353686332702637e-01
-4.149479675292968750e+01 2.518418884277343750e+01 -1.572783827781677246e+00 -1.598080730438232422e+01 1.383596229553222656e+01 -6.328582763671875000e-01
-3.214229965209960938e+01 3.084786796569824219e+01 -1.322531223297119141e+00 -1.871756744384765625e+01 6.561619281768798828e+00 -2.163984812796115875e-02
-2.870929336547851562e+01 3.175934410095214844e+01 -1.356506466865539551e+00 -2.297245597839355469e+01 4.960281372070312500e+00 -2.615818381309509277e-01
-2.411353302001953125e+01 3.259940338134765625e+01 -1.270102858543395996e+00 -2.792231559753417969e+01 6.850649356842041016e+00 -2.717047035694122314e-01
-1.888445281982421875e+01 2.848255920410156250e+01 -1.012920498847961426e+00 -3.316506958007812500e+01 9.607848167419433594e+00 -7.041205763816833496e-01
-1.457647609710693359e+01 2.362484359741210938e+01 -7.482149004936218262e-01 -3.704404830932617188e+01 1.466732788085937500e+01 -8.539573550224304199e-01
-1.459171581268310547e+01 1.541030311584472656e+01 -3.016877472400665283e-01 -4.139014816284179688e+01 2.397839355468750000e+01 -7.520140409469604492e-01
-1.328210639953613281e+01 1.289235305786132812e+01 -2.194850295782089233e-01 -4.237187957763671875e+01 2.927797698974609375e+01 -9.339623451232910156e-01
-1.145487880706787109e+01 8.592048645019531250e+00 -1.057580262422561646e-01 -4.139012145996093750e+01 3.416019821166992188e+01 -9.300979971885681152e-01
-9.828505516052246094e+00 5.252197265625000000e+00 2.019373774528503418e-01 -3.877394866943359375e+01 3.750396728515625000e+01 -1.130127072334289551e+00
-1.017325687408447266e+01 2.562903881072998047e+00 6.435992121696472168e-01 -3.573073196411132812e+01 3.933840560913085938e+01 -1.070524096488952637e+00
-1.870448112487792969e+01 2.418241977691650391e+00 -5.621930956840515137e-01 -3.058109855651855469e+01 3.767173385620117188e+01 -7.187679409980773926e-01
-2.415035629272460938e+01 5.505609035491943359e+00 -7.146848440170288086e-01 -2.817707824707031250e+01 3.614260101318359375e+01 -7.283107638359069824e-01
-2.886358451843261719e+01 1.072623252868652344e+01 -7.848252654075622559e-01 -2.722080421447753906e+01 3.298693847656250000e+01 -5.159033536911010742e-01
-3.182267761230468750e+01 1.562456512451171875e+01 -8.264665007591247559e-01 -2.462502479553222656e+01 2.939866828918457031e+01 -3.199393749237060547e-01
-3.159133720397949219e+01 1.873350334167480469e+01 -6.468644738197326660e-01 -2.307464027404785156e+01 2.526531600952148438e+01 -1.070376858115196228e-01
-2.731067848205566406e+01 2.485189628601074219e+01 -8.138069510459899902e-01 -1.860984802246093750e+01 2.040905570983886719e+01 9.050803184509277344e-01
-3.012227439880371094e+01 2.593566322326660156e+01 -8.009479641914367676e-01 -1.849922752380371094e+01 1.981821823120117188e+01 4.326948642730712891e+00
-3.118989562988281250e+01 2.726725959777832031e+01 -1.023880004882812500e+00 -1.777109336853027344e+01 1.608740997314453125e+01 4.683742046356201172e+00
-3.072274589538574219e+01 3.058021736145019531e+01 -1.239818572998046875e+00 -1.819602394104003906e+01 1.380971622467041016e+01 3.796648502349853516e+00
-2.848252868652343750e+01 3.099114036560058594e+01 -1.591539978981018066e+00 -1.854018592834472656e+01 1.024268627166748047e+01 3.354651927947998047e+00
-2.245198631286621094e+01 2.714444160461425781e+01 -1.598873257637023926e+00 -2.610841941833496094e+01 1.304987621307373047e+01 2.869444847106933594e+00
-2.031220817565917969e+01 2.736849975585937500e+01 -1.290202021598815918e+00 -2.778723144531250000e+01 1.248428821563720703e+01 1.619395256042480469e+00
-1.649700927734375000e+01 2.654164505004882812e+01 -8.682040572166442871e-01 -2.938097000122070312e+01 1.602723121643066406e+01 -5.159635469317436218e-02
-1.374154090881347656e+01 2.234842681884765625e+01 -4.533330500125885010e-01 -3.083104896545410156e+01 1.871639251708984375e+01 -3.235169351100921631e-01
-1.152122783660888672e+01 1.873313903808593750e+01 -5.267136916518211365e-02 -3.093336868286132812e+01 2.390469741821289062e+01 -3.236749768257141113e-01
-1.314296436309814453e+01 1.545592308044433594e+01 -4.076531827449798584e-01 -3.194207572937011719e+01 2.820628166198730469e+01 -2.463959753513336182e-01
-1.305570411682128906e+01 1.258391380310058594e+01 -2.946756780147552490e-01 -3.197960472106933594e+01 2.973172950744628906e+01 -1.531399339437484741e-01
-1.196481704711914062e+01 8.922536849975585938e+00 -1.990154534578323364e-01 -3.015087890625000000e+01 3.206666564941406250e+01 -2.415894120931625366e-01
-1.158463573455810547e+01 6.306773662567138672e+00 -2.197413742542266846e-01 -2.835011291503906250e+01 3.324232864379882812e+01 -2.989239394664764404e-01
-1.335291194915771484e+01 6.358615398406982422e+00 -2.906099557876586914e-01 -2.699162101745605469e+01 3.404869079589843750e+01 -5.610355734825134277e-01
-2.276945304870605469e+01 7.627012729644775391e+00 -1.683259606361389160e+00 -2.633440589904785156e+01 3.095097351074218750e+01 -5.569328665733337402e-01
-3.011508560180664062e+01 9.000408172607421875e+00 -1.499616861343383789e+00 -2.507508468627929688e+01 3.016633224487304688e+01 -6.550528407096862793e-01
-3.476234817504882812e+01 1.295974731445312500e+01 -1.319648742675781250e+00 -2.178611946105957031e+01 2.950250053405761719e+01 -5.004857778549194336e-01
-3.707094955444335938e+01 1.594709396362304688e+01 -1.341390013694763184e+00 -1.829526519775390625e+01 2.665226364135742188e+01 -4.882817268371582031e-01
-3.625823593139648438e+01 1.976136970520019531e+01 -1.291694045066833496e+00 -1.433509063720703125e+01 2.217321968078613281e+01 -3.307255804538726807e-01
-3.532499694824218750e+01 2.637774085998535156e+01 -1.378687262535095215e+00 -1.465423011779785156e+01 1.258388805389404297e+01 -1.399739235639572144e-01
-3.501061630249023438e+01 2.767287635803222656e+01 -1.439785838127136230e+00 -1.819001770019531250e+01 1.158052349090576172e+01 5.747973918914794922e-01
-3.260395431518554688e+01 2.938069534301757812e+01 -1.373551845550537109e+00 -2.058928108215332031e+01 1.019422340393066406e+01 3.131680488586425781e-01
-2.774254417419433594e+01 2.875065803527832031e+01 -1.109949946403503418e+00 -2.256893730163574219e+01 1.033662319183349609e+01 1.253516674041748047e+00
-2.157725143432617188e+01 2.616784477233886719e+01 -9.429385066032409668e-01 -2.278307533264160156e+01 1.054900074005126953e+01 1.677938461303710938e+00
