-6.558690547943115234e+00 -1.233066558837890625e+00 -8.015320897102355957e-01 -8.070353507995605469e+00 4.161630630493164062e+01 -4.476141929626464844e-01
-1.824980926513671875e+01 -7.846129536628723145e-01 -2.269077301025390625e+00 -1.382038402557373047e+01 4.043780136108398438e+01 -6.018929481506347656e-01
-3.776234054565429688e+01 3.983950614929199219e-01 -3.484929800033569336e+00 -2.060106468200683594e+01 3.686664962768554688e+01 -5.598449110984802246e-01
-5.597107696533203125e+01 1.375247001647949219e+01 -3.870122671127319336e+00 -2.282740974426269531e+01 3.118692016601562500e+01 3.415669441223144531e+00
-6.381604003906250000e+01 2.635706138610839844e+01 -3.770700931549072266e+00 -2.092591476440429688e+01 2.442989540100097656e+01 7.291798591613769531e+00
-5.819022750854492188e+01 3.495911407470703125e+01 -9.863551259040832520e-01 -1.154763317108154297e+01 1.910797882080078125e+01 4.495855808258056641e+00
-4.093082046508789062e+01 3.940517044067382812e+01 -3.231039643287658691e-02 -4.170392990112304688e+00 1.047424411773681641e+01 5.848555088043212891e+00
-2.131089019775390625e+01 4.000184631347656250e+01 2.990364074707031250e+00 -2.761549949645996094e+00 1.017291426658630371e+00 4.448823451995849609e+00
-7.752639293670654297e+00 3.862019348144531250e+01 2.154823303222656250e+00 -7.977762699127197266e+00 -3.744721114635467529e-01 -1.186935454607009888e-01
-6.684951305389404297e+00 3.596237182617187500e+01 -1.787273436784744263e-01 -1.942849159240722656e+01 -3.120979964733123779e-01 -5.971636176109313965e-01
-1.756946372985839844e+01 3.698252487182617188e+01 -1.488699197769165039e+00 -3.399824142456054688e+01 9.572271108627319336e-01 -3.468333482742309570e+00
-2.129555511474609375e+01 3.292197799682617188e+01 -7.607480883598327637e-01 -5.052479171752929688e+01 1.324213790893554688e+01 -4.194064617156982422e+00
-1.821918296813964844e+01 2.485388755798339844e+01 3.580777406692504883e+00 -6.104665756225585938e+01 2.565264320373535156e+01 -5.248478889465332031e+00
-1.171075725555419922e+01 1.622209167480468750e+01 5.165347576141357422e+00 -6.294681549072265625e+01 3.704756164550781250e+01 -5.889258861541748047e+00
-6.500148773193359375e+00 6.461899757385253906e+00 3.817583322525024414e+00 -5.670617675781250000e+01 4.528452301025390625e+01 -5.264176368713378906e+00
-6.197556018829345703e+00 2.364787578582763672e+00 1.434595823287963867e+00 -3.576973724365234375e+01 4.861204528808593750e+01 -2.066018819808959961e+00
-3.468780994415283203e+00 -3.322783112525939941e-01 -4.790616631507873535e-01 -2.113078498840332031e+01 4.593096542358398438e+01 -1.526196122169494629e+00
-1.195635032653808594e+01 -6.241630315780639648e-01 -1.270467162132263184e+00 -1.081259155273437500e+01 4.203341674804687500e+01 -9.144465327262878418e-01
-2.375000381469726562e+01 -4.127093255519866943e-01 -1.889605164527893066e+00 -8.544207572937011719e+00 3.857751464843750000e+01 -3.337016999721527100e-01
-3.777154159545898438e+01 3.876987934112548828e+00 -2.200617551803588867e+00 -1.307512664794921875e+01 3.431733703613281250e+01 -4.733623564243316650e-01
-5.227652740478515625e+01 1.616684532165527344e+01 -3.196465015411376953e+00 -2.181965827941894531e+01 3.414463043212890625e+01 -1.982491910457611084e-01
-5.853692626953125000e+01 2.514538764953613281e+01 -2.782428264617919922e+00 -1.839629745483398438e+01 2.858184814453125000e+01 4.364743709564208984e+00
-5.542456054687500000e+01 3.546453094482421875e+01 -2.584246873855590820e+00 -1.282031154632568359e+01 2.006609344482421875e+01 6.200644016265869141e+00
-4.585575485229492188e+01 4.118807220458984375e+01 -2.133771419525146484e+00 -6.788580417633056641e+00 1.197733211517333984e+01 6.494199275970458984e+00
-3.492180633544921875e+01 4.435856246948242188e+01 -1.909953474998474121e+00 -5.244723796844482422e+00 4.141585826873779297e+00 5.263433933258056641e+00
-1.542277812957763672e+01 4.025797653198242188e+01 -1.208881258964538574e+00 -1.398313903808593750e+01 -2.351175844669342041e-01 -2.106620818376541138e-01
-1.063260555267333984e+01 3.809095382690429688e+01 -9.149214029312133789e-01 -2.460505485534667969e+01 -2.797176837921142578e-01 -1.155304908752441406e+00
-1.110856342315673828e+01 3.487194442749023438e+01 -7.261230945587158203e-01 -3.815999984741210938e+01 2.270678997039794922e+00 -1.661230325698852539e+00
-1.440720844268798828e+01 3.095886421203613281e+01 -7.879354953765869141e-01 -5.248379516601562500e+01 9.332241058349609375e+00 -2.426040410995483398e+00
-1.912483215332031250e+01 2.443956184387207031e+01 -6.636785864830017090e-01 -6.200656127929687500e+01 1.959651947021484375e+01 -2.929641485214233398e+00
-1.854037666320800781e+01 1.462584495544433594e+01 2.852865934371948242e+00 -5.798284530639648438e+01 3.300054550170898438e+01 -2.927529335021972656e+00
-1.087926578521728516e+01 6.620964527130126953e+00 3.348349332809448242e+00 -4.897701644897460938e+01 4.088479614257812500e+01 -2.830585002899169922e+00
-6.492330074310302734e+00 -2.562002837657928467e-01 7.932040095329284668e-01 -3.502214813232421875e+01 4.415653610229492188e+01 -2.123600721359252930e+00
-6.720555782318115234e+00 -7.137228846549987793e-01 -3.574536740779876709e-01 -2.001368904113769531e+01 4.446088027954101562e+01 -1.506003379821777344e+00
-1.114927291870117188e+01 -8.613784909248352051e-01 -8.942433595657348633e-01 -9.907962799072265625e+00 4.072385406494140625e+01 -1.350297093391418457e+00
-3.032652664184570312e+01 6.810097694396972656e-01 -1.334902167320251465e+00 -9.932913780212402344e+00 3.617489624023437500e+01 -3.719159662723541260e-01
-4.276074218750000000e+01 5.684366703033447266e+00 -2.293618917465209961e+00 -1.082686996459960938e+01 3.432849121093750000e+01 -1.278185844421386719e-02
-5.580199050903320312e+01 1.353735923767089844e+01 -3.407133579254150391e+00 -1.217253684997558594e+01 2.940782165527343750e+01 2.966716766357421875e+00
-6.484963989257812500e+01 2.352256965637207031e+01 -3.674726963043212891e+00 -1.290100765228271484e+01 2.372165298461914062e+01 4.047783851623535156e+00
-6.566896820068359375e+01 3.272915649414062500e+01 -3.569000244140625000e+00 -1.276922416687011719e+01 1.676906776428222656e+01 6.267039299011230469e+00
-4.442652511596679688e+01 4.166188430786132812e+01 -2.992529153823852539e+00 -6.726234436035156250e+00 3.174729824066162109e+00 5.293788433074951172e+00
-3.097011756896972656e+01 4.415720748901367188e+01 -2.639208555221557617e+00 -6.049331665039062500e+00 -4.477921128273010254e-01 7.422492980957031250e+00
-1.901322746276855469e+01 4.464080047607421875e+01 -2.862297296524047852e+00 -1.005816745758056641e+01 -8.986832499504089355e-01 2.635076761245727539e+00
-1.313339233398437500e+01 4.071246337890625000e+01 -2.634317159652709961e+00 -1.902884864807128906e+01 -8.205597996711730957e-01 -4.615479409694671631e-01
-1.341600990295410156e+01 3.650330352783203125e+01 -2.715683221817016602e+00 -3.210973358154296875e+01 -2.502037584781646729e-01 -1.036680221557617188e+00
-1.978529357910156250e+01 3.268662643432617188e+01 -7.014787197113037109e-01 -5.676002120971679688e+01 6.205462932586669922e+00 -2.637079954147338867e+00
-1.521185302734375000e+01 2.490418052673339844e+01 -5.949418544769287109e-01 -6.415473937988281250e+01 1.928763961791992188e+01 -2.568583250045776367e+00
-1.244578933715820312e+01 1.416205215454101562e+01 -1.435254234820604324e-02 -6.187525558471679688e+01 3.244791030883789062e+01 -2.674379587173461914e+00
-9.708472251892089844e+00 4.542533397674560547e+00 4.007200717926025391e+00 -5.470779037475585938e+01 4.187953186035156250e+01 -2.245787620544433594e+00
-1.099942684173583984e+01 -2.679782509803771973e-01 3.568571805953979492e+00 -4.412887954711914062e+01 4.969062423706054688e+01 -1.740803360939025879e+00
-1.436262989044189453e+01 -1.072845458984375000e+00 -2.343032211065292358e-01 -1.890672111511230469e+01 4.876961517333984375e+01 -3.442135751247406006e-01
-1.998350334167480469e+01 -1.202518343925476074e+00 -6.079238653182983398e-01 -1.012695217132568359e+01 4.699357986450195312e+01 -2.842020988464355469e-01
-2.837750053405761719e+01 -8.856523633003234863e-01 -1.028303861618041992e+00 -6.346831798553466797e+00 4.421877288818359375e+01 -9.208574146032333374e-02
-3.852643203735351562e+01 -3.869981467723846436e-01 -1.439061641693115234e+00 -5.459087371826171875e+00 4.012097930908203125e+01 -1.266743689775466919e-01
-4.502379608154296875e+01 2.541786670684814453e+00 -1.455850481986999512e+00 -4.515035152435302734e+00 3.432444381713867188e+01 -3.307795226573944092e-01
-5.374355697631835938e+01 1.625081443786621094e+01 -1.950805306434631348e+00 -1.060979652404785156e+01 2.354998397827148438e+01 -9.938001632690429688e-01
-5.497939682006835938e+01 2.852330398559570312e+01 -1.823691964149475098e+00 -1.090630722045898438e+01 1.508050060272216797e+01 -5.777649879455566406e-01
-4.688386154174804688e+01 3.729315185546875000e+01 -1.353519916534423828e+00 -1.075717449188232422e+01 6.926122188568115234e+00 -3.721862733364105225e-01
-3.394019317626953125e+01 4.328363800048828125e+01 -8.675751686096191406e-01 -1.074620914459228516e+01 9.989064931869506836e-01 1.871242523193359375e+00
-2.035602378845214844e+01 4.381443405151367188e+01 -7.097799181938171387e-01 -1.176967525482177734e+01 -1.629503816366195679e-01 4.800148963928222656e+00
-9.913463592529296875e+00 3.713101959228515625e+01 -1.512768030166625977e+00 -3.044363212585449219e+01 1.321935057640075684e+00 -1.030059218406677246e+00
-5.792884349822998047e+00 3.210338592529296875e+01 -1.107066035270690918e+00 -3.769330215454101562e+01 5.960928440093994141e+00 -1.956149458885192871e+00
-4.370542049407958984e+00 2.591817474365234375e+01 -4.418922960758209229e-01 -4.372537231445312500e+01 1.397306251525878906e+01 -2.565630912780761719e+00
-5.162928104400634766e+00 1.997756958007812500e+01 -3.794340491294860840e-01 -4.802212524414062500e+01 2.089343070983886719e+01 -2.989925146102905273e+00
-6.527063846588134766e+00 1.365745925903320312e+01 -2.424520701169967651e-01 -4.991131210327148438e+01 2.874177169799804688e+01 -3.087934255599975586e+00
-1.274424552917480469e+01 2.970661640167236328e+00 -4.460153281688690186e-01 -4.686692047119140625e+01 3.893040847778320312e+01 -1.452996134757995605e+00
-1.537007331848144531e+01 -1.316024363040924072e-01 -3.366836011409759521e-01 -3.984612655639648438e+01 4.416307449340820312e+01 -1.469340085983276367e+00
-2.091008567810058594e+01 -4.500146508216857910e-01 -5.270486474037170410e-01 -3.022263526916503906e+01 4.617638397216796875e+01 -1.260159611701965332e+00
-2.561432266235351562e+01 -3.923366069793701172e-01 -7.017585635185241699e-01 -2.096888542175292969e+01 4.451042175292968750e+01 -1.255823373794555664e+00
-3.009717178344726562e+01 -1.475499719381332397e-01 -1.027439832687377930e+00 -1.488390541076660156e+01 4.131047821044921875e+01 -1.241450786590576172e+00
-3.720223999023437500e+01 1.045771598815917969e+01 -2.244422674179077148e+00 -8.552987098693847656e+00 2.955728912353515625e+01 -4.575543403625488281e-01
-4.356508636474609375e+01 1.592354965209960938e+01 -2.854609251022338867e+00 -7.751664161682128906e+00 2.571628189086914062e+01 -3.014547526836395264e-01
-4.931152343750000000e+01 2.408603096008300781e+01 -3.342828035354614258e+00 -1.049769115447998047e+01 1.991637039184570312e+01 -2.832508981227874756e-01
-5.174396896362304688e+01 3.148057746887207031e+01 -3.556809186935424805e+00 -1.337371540069580078e+01 1.584700679779052734e+01 -7.150195240974426270e-01
-4.846509552001953125e+01 3.417552185058593750e+01 -3.537226200103759766e+00 -1.635779953002929688e+01 1.046407604217529297e+01 -9.310847520828247070e-01
-3.533414077758789062e+01 3.737886047363281250e+01 -3.137313842773437500e+00 -1.999513053894042969e+01 9.303645133972167969e+00 -1.404020905494689941e+00
-2.624192810058593750e+01 4.037396621704101562e+01 -2.865257024765014648e+00 -2.334296417236328125e+01 5.559828281402587891e+00 -1.158372282981872559e+00
-1.631423759460449219e+01 3.934198760986328125e+01 -2.479302644729614258e+00 -2.804009437561035156e+01 5.384710788726806641e+00 -1.243694543838500977e+00
-9.930785179138183594e+00 3.644626617431640625e+01 -1.941759943962097168e+00 -3.382010269165039062e+01 9.374862670898437500e+00 -1.015951752662658691e+00
-6.198668956756591797e+00 2.927387046813964844e+01 -1.750528335571289062e+00 -3.699029159545898438e+01 1.713872909545898438e+01 -9.545047879219055176e-01
-5.931102752685546875e+00 1.877167129516601562e+01 -7.349366545677185059e-01 -4.383943176269531250e+01 2.209685897827148438e+01 -1.854770302772521973e+00
-1.049433994293212891e+01 1.234853363037109375e+01 -7.133254408836364746e-01 -4.897070693969726562e+01 3.066538429260253906e+01 -2.216158628463745117e+00
-1.599118232727050781e+01 5.617471694946289062e+00 -4.772733151912689209e-01 -5.145761108398437500e+01 3.966941452026367188e+01 -2.364188909530639648e+00
-2.122169303894042969e+01 1.057838916778564453e+00 -5.938323736190795898e-01 -4.957891464233398438e+01 4.592413330078125000e+01 -2.348377943038940430e+00
-2.495636749267578125e+01 2.067713737487792969e-01 -5.408578515052795410e-01 -4.310986709594726562e+01 4.893435287475585938e+01 -2.057507276535034180e+00
-2.564833641052246094e+01 -1.919015496969223022e-01 -1.642297625541687012e+00 -2.320876121520996094e+01 4.491996002197265625e+01 -3.786794245243072510e-01
-3.311674118041992188e+01 -1.039415821433067322e-01 -1.801493644714355469e+00 -1.556134796142578125e+01 4.179342269897460938e+01 -2.996862828731536865e-01
-4.111951065063476562e+01 3.874504089355468750e+00 -2.059599637985229492e+00 -9.967397689819335938e+00 3.592710876464843750e+01 4.784755706787109375e-01
-4.734376144409179688e+01 1.162941932678222656e+01 -2.253868341445922852e+00 -6.659574985504150391e+00 2.932149505615234375e+01 6.055285930633544922e-01
-5.119649505615234375e+01 1.736737632751464844e+01 -2.476167917251586914e+00 -5.703873634338378906e+00 2.150289535522460938e+01 1.074838638305664062e-01
-4.975132369995117188e+01 3.076511192321777344e+01 -2.563067197799682617e+00 -7.941779613494873047e+00 1.063973140716552734e+01 3.289067745208740234e+00
-4.531490707397460938e+01 3.733184814453125000e+01 -2.642589807510375977e+00 -1.131151390075683594e+01 6.212888240814208984e+00 7.136072158813476562e+00
-3.654953384399414062e+01 4.027133941650390625e+01 -2.645754098892211914e+00 -1.435390758514404297e+01 1.410424709320068359e-02 7.956250190734863281e+00
-2.542092514038085938e+01 4.149262237548828125e+01 -2.618098735809326172e+00 -1.704854393005371094e+01 -1.665930449962615967e-01 5.736047744750976562e+00
-1.516576385498046875e+01 3.862845611572265625e+01 -2.667548179626464844e+00 -2.023500061035156250e+01 -2.427969425916671753e-01 2.843889236450195312e+00
-7.724553108215332031e+00 3.200544738769531250e+01 -1.615810990333557129e+00 -3.488429260253906250e+01 3.399728298187255859e+00 -1.309095382690429688e+00
-8.653235435485839844e+00 2.735892677307128906e+01 -6.037526726722717285e-01 -4.319810104370117188e+01 8.695122718811035156e+00 -2.058704376220703125e+00
-7.360116481781005859e+00 2.025868225097656250e+01 2.062880277633666992e+00 -4.932162857055664062e+01 1.680280494689941406e+01 -2.292213916778564453e+00
-7.181570529937744141e+00 1.477211380004882812e+01 3.957583189010620117e+00 -4.925819015502929688e+01 2.546139144897460938e+01 -2.175784111022949219e+00
-7.824151515960693359e+00 7.757885456085205078e+00 5.839434146881103516e+00 -4.419807052612304688e+01 2.922620582580566406e+01 -2.230142116546630859e+00
-1.576284503936767578e+01 -3.696796298027038574e-01 1.580950617790222168e-01 -4.074547576904296875e+01 4.648229980468750000e+01 -1.528909444808959961e+00
-1.492597103118896484e+01 -6.055815219879150391e-01 -1.038365587592124939e-01 -3.235574722290039062e+01 4.785267257690429688e+01 -9.883095622062683105e-01
-1.559456157684326172e+01 -7.318119406700134277e-01 -5.937856435775756836e-01 -2.014849090576171875e+01 4.477338027954101562e+01 -5.370688438415527344e-01
-1.792738342285156250e+01 -6.079174876213073730e-01 -9.126076698303222656e-01 -1.021960258483886719e+01 3.948328399658203125e+01 -1.778402328491210938e-01
-2.377708244323730469e+01 2.116894721984863281e-02 -1.244030475616455078e+00 -6.552533149719238281e+00 3.234907913208007812e+01 -1.124428734183311462e-01
-4.527610778808593750e+01 1.438390541076660156e+01 -2.389600276947021484e+00 -9.041590690612792969e+00 2.142406463623046875e+01 -6.274814903736114502e-02
-4.966612625122070312e+01 2.021532440185546875e+01 -2.886006116867065430e+00 -8.238180160522460938e+00 1.685458755493164062e+01 5.671186447143554688e-01
-5.290744018554687500e+01 2.729734230041503906e+01 -3.183934211730957031e+00 -1.166317272186279297e+01 1.245714569091796875e+01 -9.517612308263778687e-02
-5.251608276367187500e+01 3.370029449462890625e+01 -3.108821392059326172e+00 -1.596495246887207031e+01 8.922639846801757812e+00 -1.622419431805610657e-02
-4.814051818847656250e+01 3.804840087890625000e+01 -2.847764015197753906e+00 -1.988460540771484375e+01 6.143228054046630859e+00 -1.591340154409408569e-01
-2.820406913757324219e+01 3.996276855468750000e+01 -2.110877752304077148e+00 -2.148996734619140625e+01 2.471299648284912109e+00 -6.596707701683044434e-01
-1.638050270080566406e+01 3.885086822509765625e+01 -2.028811931610107422e+00 -2.567875480651855469e+01 -1.937376335263252258e-02 -4.885562062263488770e-01
-8.110671043395996094e+00 3.556024551391601562e+01 -2.051414251327514648e+00 -3.306082916259765625e+01 2.301005840301513672e+00 -8.189063072204589844e-01
-5.027965068817138672e+00 2.819814109802246094e+01 -1.582975625991821289e+00 -4.263524627685546875e+01 8.518262863159179688e+00 -1.286109805107116699e+00
-5.878727912902832031e+00 2.105891609191894531e+01 -1.268395423889160156e+00 -5.184848022460937500e+01 1.853931236267089844e+01 -1.731616973876953125e+00
-5.639116764068603516e+00 1.213487243652343750e+01 -2.566932141780853271e-01 -5.173856735229492188e+01 2.878536605834960938e+01 -3.618165731430053711e+00
-5.639492034912109375e+00 6.316931247711181641e+00 4.234301447868347168e-01 -4.706404876708984375e+01 3.576748657226562500e+01 -3.743202209472656250e+00
-6.523095130920410156e+00 -1.651222705841064453e-01 3.748991727828979492e+00 -4.097463607788085938e+01 4.290205383300781250e+01 -3.823975324630737305e+00
-1.012498760223388672e+01 -6.120848059654235840e-01 4.061827182769775391e+00 -3.346418380737304688e+01 4.541857910156250000e+01 -3.489192247390747070e+00
-1.507194995880126953e+01 -4.388186037540435791e-01 3.836508512496948242e+00 -2.606501770019531250e+01 4.717691040039062500e+01 -3.211471319198608398e+00
-2.219420433044433594e+01 -1.195334568619728088e-01 -1.169026017189025879e+00 -1.279090118408203125e+01 3.936699676513671875e+01 -2.699949264526367188e+00
-2.932616996765136719e+01 2.974145412445068359e+00 -1.661414980888366699e+00 -6.851861000061035156e+00 3.144046020507812500e+01 -2.544023275375366211e+00
-3.941242599487304688e+01 1.130170059204101562e+01 -2.236186027526855469e+00 -5.973322391510009766e+00 2.385914611816406250e+01 -2.288520097732543945e+00
-4.759885787963867188e+01 1.999887657165527344e+01 -2.672061681747436523e+00 -8.890556335449218750e+00 1.685683822631835938e+01 -1.551598906517028809e+00
-5.279559326171875000e+01 3.099949073791503906e+01 -2.717757940292358398e+00 -1.299643707275390625e+01 1.066302299499511719e+01 -1.185289382934570312e+00
-4.512017059326171875e+01 4.196833801269531250e+01 -1.054614424705505371e+00 -1.651977920532226562e+01 5.865195751190185547e+00 -7.784923911094665527e-01
-3.689155197143554688e+01 4.518619537353515625e+01 -1.339633703231811523e+00 -1.969401931762695312e+01 3.117167949676513672e+00 -5.775737762451171875e-01
-2.803259086608886719e+01 4.495547485351562500e+01 -1.577878355979919434e+00 -2.404625129699707031e+01 6.888669729232788086e-01 -6.989511847496032715e-01
-1.959450340270996094e+01 4.340690231323242188e+01 -1.634982943534851074e+00 -2.964645385742187500e+01 1.260476469993591309e+00 -8.015297055244445801e-01
-1.446982860565185547e+01 3.923059082031250000e+01 -1.752659082412719727e+00 -3.590315628051757812e+01 6.090661525726318359e+00 -8.644613623619079590e-01
-8.354961395263671875e+00 3.317580413818359375e+01 -9.042187929153442383e-01 -4.425027465820312500e+01 8.713290214538574219e+00 -1.143542528152465820e+00
-6.390416622161865234e+00 2.563803482055664062e+01 -5.631738305091857910e-01 -4.793265914916992188e+01 1.460398960113525391e+01 -1.598322391510009766e+00
-5.877361297607421875e+00 1.835444641113281250e+01 -1.763909496366977692e-02 -4.954490280151367188e+01 2.368449783325195312e+01 -1.782800555229187012e+00
-6.757918834686279297e+00 9.856216430664062500e+00 2.242258787155151367e+00 -4.830085372924804688e+01 3.056488418579101562e+01 -1.865746855735778809e+00
-7.799508094787597656e+00 4.308383464813232422e+00 3.648323774337768555e+00 -4.435730743408203125e+01 3.709476852416992188e+01 -1.893130183219909668e+00
-1.700406074523925781e+01 3.499014377593994141e+00 -3.291896283626556396e-01 -3.795764541625976562e+01 4.042885589599609375e+01 -1.324214220046997070e+00
-2.309428215026855469e+01 2.947802543640136719e-01 -3.891114592552185059e-01 -3.223913192749023438e+01 4.220577239990234375e+01 -1.218357443809509277e+00
-3.000298118591308594e+01 2.386462688446044922e+00 -7.877488732337951660e-01 -2.469977569580078125e+01 3.866502380371093750e+01 -1.036229372024536133e+00
-3.531433486938476562e+01 6.546322345733642578e+00 -1.388871073722839355e+00 -1.658253288269042969e+01 3.339557647705078125e+01 -6.328369379043579102e-01
-3.809116744995117188e+01 1.185344505310058594e+01 -1.786622405052185059e+00 -1.117613315582275391e+01 2.310614013671875000e+01 -5.947647094726562500e-01
-4.603731536865234375e+01 2.897936820983886719e+01 -2.612324476242065430e+00 -1.211691188812255859e+01 2.027116394042968750e+01 4.483734130859375000e+00
-4.480319595336914062e+01 3.442276763916015625e+01 -2.667057275772094727e+00 -9.686209678649902344e+00 1.421119594573974609e+01 6.968313217163085938e+00
-3.929815292358398438e+01 3.856852340698242188e+01 -2.493958950042724609e+00 -9.105367660522460938e+00 7.806362628936767578e+00 6.280796051025390625e+00
-3.432851409912109375e+01 4.097467041015625000e+01 -2.292156934738159180e+00 -1.023358058929443359e+01 1.989018797874450684e+00 5.156900405883789062e+00
-3.156587219238281250e+01 4.486907196044921875e+01 -2.527893304824829102e+00 -1.386083698272705078e+01 8.152345418930053711e-01 5.383359909057617188e+00
-2.112185478210449219e+01 4.317082977294921875e+01 -1.373571157455444336e+00 -2.500499153137207031e+01 6.197303533554077148e-01 -9.563990831375122070e-01
-1.585786437988281250e+01 3.859753036499023438e+01 -1.307971715927124023e+00 -3.223890304565429688e+01 2.593656063079833984e+00 -1.409885525703430176e+00
-1.197124385833740234e+01 3.046677207946777344e+01 -7.899991869926452637e-01 -4.010998535156250000e+01 1.002632427215576172e+01 -1.649826884269714355e+00
-8.764316558837890625e+00 2.192028427124023438e+01 -5.113503932952880859e-01 -4.883639526367187500e+01 1.852318000793457031e+01 -1.901771903038024902e+00
-5.171070098876953125e+00 1.377074813842773438e+01 -3.487256169319152832e-02 -5.354107666015625000e+01 2.917916870117187500e+01 -2.096843719482421875e+00
-7.032564640045166016e+00 8.543715476989746094e-01 -5.922653079032897949e-01 -4.840125274658203125e+01 3.531683731079101562e+01 -2.342404842376708984e+00
-1.022798061370849609e+01 -4.726842343807220459e-01 -8.648120164871215820e-01 -4.210793685913085938e+01 4.032172393798828125e+01 -2.318028688430786133e+00
-1.433205699920654297e+01 -7.348668575286865234e-01 -1.497887730598449707e+00 -3.374527740478515625e+01 4.399368286132812500e+01 -1.918997406959533691e+00
-1.962621688842773438e+01 -9.556806683540344238e-01 -1.914471864700317383e+00 -2.451098442077636719e+01 4.418021011352539062e+01 -2.130725622177124023e+00
-2.659848976135253906e+01 -6.534707546234130859e-01 -2.200150012969970703e+00 -1.715451240539550781e+01 4.074785614013671875e+01 -2.223136425018310547e+00
-3.591613388061523438e+01 8.697423934936523438e+00 -2.368821144104003906e+00 -1.333019733428955078e+01 2.737510299682617188e+01 -1.567110419273376465e+00
-4.097822189331054688e+01 1.346239852905273438e+01 -2.458048582077026367e+00 -1.257834434509277344e+01 2.402913665771484375e+01 -1.581580042839050293e+00
-4.546337509155273438e+01 2.110024833679199219e+01 -2.116093397140502930e+00 -1.360459899902343750e+01 2.072367095947265625e+01 -1.312156915664672852e+00
-4.740200424194335938e+01 2.653592872619628906e+01 -1.967806458473205566e+00 -1.564600276947021484e+01 1.823591232299804688e+01 -9.982385635375976562e-01
-4.435557174682617188e+01 2.835280036926269531e+01 -1.620402336120605469e+00 -1.640714073181152344e+01 1.474544429779052734e+01 -6.233742833137512207e-01
-3.401470565795898438e+01 3.395944976806640625e+01 -1.349559903144836426e+00 -1.973124504089355469e+01 7.557374477386474609e+00 2.712168693542480469e-01
-3.011715698242187500e+01 3.492337036132812500e+01 -1.374158263206481934e+00 -2.463540077209472656e+01 5.790661334991455078e+00 -2.364797592163085938e-01
-2.496777915954589844e+01 3.576987838745117188e+01 -1.267635464668273926e+00 -3.024848365783691406e+01 7.884633541107177734e+00 -2.529847621917724609e-01
-1.918332862854003906e+01 3.120676231384277344e+01 -9.808877110481262207e-01 -3.610147857666015625e+01 1.104926013946533203e+01 -7.137542963027954102e-01
-1.444528484344482422e+01 2.569700431823730469e+01 -6.867898702621459961e-01 -4.035311889648437500e+01 1.671088600158691406e+01 -8.803259730339050293e-01
-1.433296966552734375e+01 1.608609962463378906e+01 -1.892537325620651245e-01 -4.491337203979492188e+01 2.756172561645507812e+01 -7.697675824165344238e-01
-1.282935333251953125e+01 1.324959945678710938e+01 -9.706700593233108521e-02 -4.576559448242187500e+01 3.324928665161132812e+01 -9.604019522666931152e-01
-1.090857505798339844e+01 8.535324096679687500e+00 8.329075574874877930e-02 -4.453074645996093750e+01 3.829572677612304688e+01 -9.488980174064636230e-01
-9.331609725952148438e+00 5.039098262786865234e+00 1.188570737838745117e+00 -4.163452911376953125e+01 4.172500991821289062e+01 -1.164738655090332031e+00
-9.993987083435058594e+00 2.323346614837646484e+00 1.472811460494995117e+00 -3.841112518310546875e+01 4.342671203613281250e+01 -1.110356330871582031e+00
-1.988372230529785156e+01 2.746685504913330078e+00 -5.537709593772888184e-01 -3.291070938110351562e+01 4.129444503784179688e+01 -7.331618070602416992e-01
-2.599682998657226562e+01 6.327052593231201172e+00 -7.279498577117919922e-01 -3.021273612976074219e+01 3.958155822753906250e+01 -7.270466089248657227e-01
-3.115605163574218750e+01 1.217848968505859375e+01 -8.045834898948669434e-01 -2.900421142578125000e+01 3.607669448852539062e+01 -4.953205585479736328e-01
-3.426124572753906250e+01 1.766906547546386719e+01 -8.338204622268676758e-01 -2.607749366760253906e+01 3.203133773803710938e+01 -2.835646271705627441e-01
-3.379414367675781250e+01 2.119319152832031250e+01 -6.377581954002380371e-01 -2.430544662475585938e+01 2.747876930236816406e+01 -4.583764076232910156e-02
-2.897220230102539062e+01 2.799619483947753906e+01 -8.075261116027832031e-01 -1.965405845642089844e+01 2.198850440979003906e+01 1.671822547912597656e+00
-3.192361831665039062e+01 2.917906379699707031e+01 -7.888019084930419922e-01 -1.967507934570312500e+01 2.127532768249511719e+01 5.236918449401855469e+00
-3.300208663940429688e+01 3.064980506896972656e+01 -1.019097089767456055e+00 -1.907187843322753906e+01 1.728657531738281250e+01 5.587031364440917969e+00
-3.242184829711914062e+01 3.415167999267578125e+01 -1.248403429985046387e+00 -1.967207145690917969e+01 1.492217922210693359e+01 4.647980690002441406e+00
-2.991739273071289062e+01 3.444919967651367188e+01 -1.619192719459533691e+00 -2.012004089355468750e+01 1.119076728820800781e+01 4.157406806945800781e+00
-2.323929023742675781e+01 2.984079742431640625e+01 -1.614156365394592285e+00 -2.808524894714355469e+01 1.447437191009521484e+01 3.595207214355468750e+00
-2.090021324157714844e+01 2.987980651855468750e+01 -1.281436085700988770e+00 -2.977173423767089844e+01 1.398446369171142578e+01 2.244785308837890625e+00
-1.688452911376953125e+01 2.881270217895507812e+01 -8.386067748069763184e-01 -3.138556480407714844e+01 1.778016090393066406e+01 -5.070590879768133163e-03
-1.408923816680908203e+01 2.430035972595214844e+01 -4.102960228919982910e-01 -3.285742950439453125e+01 2.065311050415039062e+01 -2.970390319824218750e-01
-1.195433616638183594e+01 2.047854042053222656e+01 3.999775648117065430e-02 -3.295311355590820312e+01 2.610259628295898438e+01 -3.034128248691558838e-01
-1.396932983398437500e+01 1.712665176391601562e+01 -4.062188565731048584e-01 -3.397946548461914062e+01 3.044169807434082031e+01 -2.215200513601303101e-01
-1.396464538574218750e+01 1.409904479980468750e+01 -2.915950119495391846e-01 -3.397548294067382812e+01 3.206007003784179688e+01 -1.205530688166618347e-01
-1.288584041595458984e+01 1.023786354064941406e+01 -1.909940987825393677e-01 -3.201511383056640625e+01 3.454365921020507812e+01 -2.125512659549713135e-01
-1.254883480072021484e+01 7.509254932403564453e+00 -2.117470055818557739e-01 -3.007960319519042969e+01 3.577533340454101562e+01 -2.683188021183013916e-01
-1.443410682678222656e+01 7.632557392120361328e+00 -2.843376398086547852e-01 -2.859049034118652344e+01 3.661314392089843750e+01 -5.424414873123168945e-01
-2.470065689086914062e+01 9.084341049194335938e+00 -1.761809706687927246e+00 -2.782411003112792969e+01 3.328020858764648438e+01 -5.401279330253601074e-01
-3.271564865112304688e+01 1.061615753173828125e+01 -1.566472887992858887e+00 -2.647026443481445312e+01 3.240554809570312500e+01 -6.450393199920654297e-01
-3.775619125366210938e+01 1.495563507080078125e+01 -1.373229384422302246e+00 -2.293609237670898438e+01 3.161360931396484375e+01 -4.739948213100433350e-01
-4.019815826416015625e+01 1.827113533020019531e+01 -1.400277018547058105e+00 -1.914000129699707031e+01 2.848049926757812500e+01 -4.491470456123352051e-01
-3.922058486938476562e+01 2.240125083923339844e+01 -1.347896099090576172e+00 -1.481457424163818359e+01 2.356556701660156250e+01 -2.737625837326049805e-01
-3.765023040771484375e+01 2.945172309875488281e+01 -1.432504892349243164e+00 -1.516292572021484375e+01 1.306953239440917969e+01 -7.239218056201934814e-02
-3.699826812744140625e+01 3.057168769836425781e+01 -1.481141805648803711e+00 -1.895216941833496094e+01 1.203499126434326172e+01 1.286023616790771484e+00
-3.426573944091796875e+01 3.212154388427734375e+01 -1.404239296913146973e+00 -2.159958076477050781e+01 1.061657619476318359e+01 9.034001827239990234e-01
-2.911262512207031250e+01 3.123648643493652344e+01 -1.130124092102050781e+00 -2.383970069885253906e+01 1.091423034667968750e+01 1.783334255218505859e+00
-2.273727798461914062e+01 2.825767517089843750e+01 -9.593769907951354980e-01 -2.421615028381347656e+01 1.126470851898193359e+01 2.047741889953613281e+00
