-7.018220424652099609e+00 -1.273339509963989258e+00 -8.248023390769958496e-01 -8.753996849060058594e+00 4.390721130371093750e+01 -4.740892052650451660e-01
-1.943614006042480469e+01 -7.944055795669555664e-01 -2.379539251327514648e+00 -1.509125518798828125e+01 4.285745620727539062e+01 -6.470967531204223633e-01
-4.009679794311523438e+01 7.721247673034667969e-01 -3.660258531570434570e+00 -2.239380264282226562e+01 3.938283920288085938e+01 -6.058140397071838379e-01
-5.932953643798828125e+01 1.477724266052246094e+01 -4.050480842590332031e+00 -2.472328948974609375e+01 3.357347869873046875e+01 3.454075336456298828e+00
-6.754170989990234375e+01 2.801274299621582031e+01 -3.930403232574462891e+00 -2.255049324035644531e+01 2.666003799438476562e+01 7.674030303955078125e+00
-6.139480209350585938e+01 3.709183502197265625e+01 -9.732594490051269531e-01 -1.229369258880615234e+01 2.118346405029296875e+01 4.962963581085205078e+00
-4.302457046508789062e+01 4.181633377075195312e+01 3.564999699592590332e-01 -4.367896556854248047e+00 1.197257995605468750e+01 6.478678226470947266e+00
-2.214148712158203125e+01 4.246216201782226562e+01 3.838155031204223633e+00 -2.783732414245605469e+00 1.870938658714294434e+00 5.015060901641845703e+00
-7.696079254150390625e+00 4.099074172973632812e+01 2.957566499710083008e+00 -8.296341896057128906e+00 -3.224623203277587891e-01 -1.029065623879432678e-01
-6.531679630279541016e+00 3.816331863403320312e+01 -1.243773251771926880e-01 -2.049155807495117188e+01 -2.592676579952239990e-01 -6.181989908218383789e-01
-1.841528892517089844e+01 3.921203994750976562e+01 -1.501509547233581543e+00 -3.584592056274414062e+01 1.829985976219177246e+00 -3.646735429763793945e+00
-2.267771911621093750e+01 3.506862640380859375e+01 -7.437309622764587402e-01 -5.303367996215820312e+01 1.476606655120849609e+01 -4.406885623931884766e+00
-1.965020942687988281e+01 2.670034980773925781e+01 4.360544204711914062e+00 -6.389873123168945312e+01 2.783710861206054688e+01 -5.515581607818603516e+00
-1.285325145721435547e+01 1.773051261901855469e+01 6.061983108520507812e+00 -6.572196197509765625e+01 3.970556259155273438e+01 -6.195209503173828125e+00
-7.265958309173583984e+00 7.686083316802978516e+00 4.636625289916992188e+00 -5.904518508911132812e+01 4.827748870849609375e+01 -5.525609016418457031e+00
-6.616092681884765625e+00 3.854115009307861328e+00 2.010771512985229492e+00 -3.693900299072265625e+01 5.142354965209960938e+01 -2.140059471130371094e+00
-3.700918912887573242e+00 -2.044891417026519775e-01 -4.748609066009521484e-01 -2.161779212951660156e+01 4.853642654418945312e+01 -1.569298505783081055e+00
-1.266145229339599609e+01 -5.047904253005981445e-01 -1.319516062736511230e+00 -1.088345146179199219e+01 4.443978881835937500e+01 -9.188612103462219238e-01
-2.510928916931152344e+01 -2.812891900539398193e-01 -1.972313165664672852e+00 -8.618312835693359375e+00 4.081524658203125000e+01 -2.891024649143218994e-01
-3.989582824707031250e+01 5.714464664459228516e+00 -2.291139125823974609e+00 -1.347151947021484375e+01 3.641107940673828125e+01 -4.253842830657958984e-01
-5.489611434936523438e+01 1.879612731933593750e+01 -3.311972141265869141e+00 -2.299549674987792969e+01 3.617794799804687500e+01 -1.267733573913574219e-01
-6.125952148437500000e+01 2.822616386413574219e+01 -2.865702867507934570e+00 -1.967206382751464844e+01 3.035782241821289062e+01 5.354661464691162109e+00
-5.773699569702148438e+01 3.896672058105468750e+01 -2.640261411666870117e+00 -1.401588726043701172e+01 2.162357330322265625e+01 7.214130401611328125e+00
-4.746218490600585938e+01 4.472037506103515625e+01 -2.147937059402465820e+00 -7.823577404022216797e+00 1.337421131134033203e+01 7.510998725891113281e+00
-3.585884475708007812e+01 4.781232833862304688e+01 -1.899705886840820312e+00 -6.251327037811279297e+00 5.481021404266357422e+00 6.210201740264892578e+00
-1.530292987823486328e+01 4.285720443725585938e+01 -1.155216932296752930e+00 -1.522534370422363281e+01 -7.567965239286422729e-02 -1.374645680189132690e-01
-1.036449527740478516e+01 4.044377899169921875e+01 -8.426110148429870605e-01 -2.632845115661621094e+01 -1.254065185785293579e-01 -1.141487956047058105e+00
-1.108619976043701172e+01 3.703198623657226562e+01 -6.536668539047241211e-01 -4.064931488037109375e+01 3.974980831146240234e+00 -1.676430106163024902e+00
-1.482402038574218750e+01 3.301231765747070312e+01 -7.378637194633483887e-01 -5.583429718017578125e+01 1.133075428009033203e+01 -2.488753318786621094e+00
-2.004284286499023438e+01 2.626129150390625000e+01 -6.180577874183654785e-01 -6.594622039794921875e+01 2.199684715270996094e+01 -3.028133630752563477e+00
-1.946280288696289062e+01 1.612026977539062500e+01 3.896258115768432617e+00 -6.159044265747070312e+01 3.594530868530273438e+01 -3.029594898223876953e+00
-1.140308094024658203e+01 7.689194202423095703e+00 4.384890079498291016e+00 -5.203209304809570312e+01 4.437606811523437500e+01 -2.919405698776245117e+00
-6.838844299316406250e+00 -2.063192874193191528e-01 1.648836851119995117e+00 -3.720119857788085938e+01 4.791471862792968750e+01 -2.177069664001464844e+00
-7.156745910644531250e+00 -6.869631409645080566e-01 -2.927842438220977783e-01 -2.123052978515625000e+01 4.824093627929687500e+01 -1.520167946815490723e+00
-1.190988636016845703e+01 -8.328365683555603027e-01 -8.614003062248229980e-01 -1.045910644531250000e+01 4.430442047119140625e+01 -1.347560286521911621e+00
-3.242196273803710938e+01 1.597691059112548828e+00 -1.323296904563903809e+00 -1.024974060058593750e+01 3.962261199951171875e+01 -3.427081704139709473e-01
-4.562874984741210938e+01 7.010256290435791016e+00 -2.340285062789916992e+00 -1.104910087585449219e+01 3.750265121459960938e+01 3.737568855285644531e-01
-5.940979003906250000e+01 1.542574310302734375e+01 -3.517161607742309570e+00 -1.241939926147460938e+01 3.211717224121093750e+01 3.692886352539062500e+00
-6.894266510009765625e+01 2.612799835205078125e+01 -3.805255651473999023e+00 -1.319354724884033203e+01 2.596812248229980469e+01 4.882656097412109375e+00
-6.971026611328125000e+01 3.593194580078125000e+01 -3.696230649948120117e+00 -1.312133502960205078e+01 1.847474479675292969e+01 7.246610641479492188e+00
-4.709102630615234375e+01 4.544179534912109375e+01 -3.117829322814941406e+00 -7.008635997772216797e+00 3.907868862152099609e+00 6.186711311340332031e+00
-3.279745101928710938e+01 4.822410202026367188e+01 -2.748371362686157227e+00 -6.416184425354003906e+00 -4.278793931007385254e-01 8.546353340148925781e+00
-2.006972885131835938e+01 4.882258605957031250e+01 -2.981462240219116211e+00 -1.077274131774902344e+01 -9.158864021301269531e-01 3.487360954284667969e+00
-1.372844982147216797e+01 4.471877288818359375e+01 -2.733709096908569336e+00 -2.037791824340820312e+01 -8.347554206848144531e-01 -4.178647696971893311e-01
-1.388160610198974609e+01 4.019158172607421875e+01 -2.818739891052246094e+00 -3.432104110717773438e+01 -2.280285358428955078e-01 -1.027437329292297363e+00
-2.068943595886230469e+01 3.580511474609375000e+01 -6.566110253334045410e-01 -6.054720687866210938e+01 7.091460704803466797e+00 -2.728085994720458984e+00
-1.598473262786865234e+01 2.736287689208984375e+01 -5.287660360336303711e-01 -6.824547576904296875e+01 2.122124481201171875e+01 -2.661478996276855469e+00
-1.317840862274169922e+01 1.583107757568359375e+01 8.655154109001159668e-01 -6.553548431396484375e+01 3.540668487548828125e+01 -2.770786046981811523e+00
-1.040082836151123047e+01 5.533709049224853516e+00 5.252920627593994141e+00 -5.755493164062500000e+01 4.544610595703125000e+01 -2.312207937240600586e+00
-1.192411899566650391e+01 -2.040400058031082153e-01 4.750132083892822266e+00 -4.598749542236328125e+01 5.367485809326171875e+01 -1.767407417297363281e+00
-1.557580757141113281e+01 -9.797905087471008301e-01 -1.469043046236038208e-01 -1.937217521667480469e+01 5.207014846801757812e+01 -3.092436790466308594e-01
-2.135034751892089844e+01 -1.120004057884216309e+00 -5.365331172943115234e-01 -1.038355922698974609e+01 5.033633422851562500e+01 -2.477123290300369263e-01
-3.004815483093261719e+01 -7.979602813720703125e-01 -9.691666960716247559e-01 -6.538249969482421875e+00 4.760967636108398438e+01 -5.053177103400230408e-02
-4.057966232299804688e+01 -2.927241027355194092e-01 -1.390967249870300293e+00 -5.655678272247314453e+00 4.350224685668945312e+01 -9.265613555908203125e-02
-4.728113937377929688e+01 3.581897258758544922e+00 -1.401676297187805176e+00 -4.631054401397705078e+00 3.764848327636718750e+01 -3.068458735942840576e-01
-5.650242233276367188e+01 1.785961532592773438e+01 -1.945648431777954102e+00 -1.073372459411621094e+01 2.626382255554199219e+01 -9.946901202201843262e-01
-5.773562622070312500e+01 3.101319313049316406e+01 -1.821555495262145996e+00 -1.082206535339355469e+01 1.709353256225585938e+01 -5.498334765434265137e-01
-4.906577301025390625e+01 4.049226379394531250e+01 -1.334649562835693359e+00 -1.057771205902099609e+01 8.253755569458007812e+00 -3.219762444496154785e-01
-3.532189559936523438e+01 4.698649597167968750e+01 -8.193747401237487793e-01 -1.056896781921386719e+01 1.777255415916442871e+00 2.726783752441406250e+00
-2.095733451843261719e+01 4.768615722656250000e+01 -6.466028094291687012e-01 -1.175805282592773438e+01 -1.137882843613624573e-01 5.771816253662109375e+00
-9.768804550170898438e+00 4.029318237304687500e+01 -1.451088070869445801e+00 -3.185098075866699219e+01 2.414037227630615234e+00 -1.059907555580139160e+00
-5.427454471588134766e+00 3.451844406127929688e+01 -1.006729602813720703e+00 -3.953553390502929688e+01 7.691467761993408203e+00 -2.054291486740112305e+00
-4.113367557525634766e+00 2.758485221862792969e+01 -3.021710813045501709e-01 -4.585248947143554688e+01 1.644336128234863281e+01 -2.709892988204956055e+00
-5.249759674072265625e+00 2.108526611328125000e+01 -2.502915561199188232e-01 -5.026105117797851562e+01 2.395903968811035156e+01 -3.163314580917358398e+00
-7.028055667877197266e+00 1.433125877380371094e+01 -1.163304597139358521e-01 -5.208518600463867188e+01 3.224629592895507812e+01 -3.274340867996215820e+00
-1.393249988555908203e+01 3.512131214141845703e+00 -3.799289166927337646e-01 -4.828463363647460938e+01 4.274790191650390625e+01 -1.477598428726196289e+00
-1.668815803527832031e+01 -4.741625860333442688e-02 -2.955624759197235107e-01 -4.081049728393554688e+01 4.772542572021484375e+01 -1.477273344993591309e+00
-2.239506149291992188e+01 -3.397208750247955322e-01 -5.083451867103576660e-01 -3.083946228027343750e+01 4.944855880737304688e+01 -1.253910303115844727e+00
-2.711117362976074219e+01 -2.520774304866790771e-01 -6.850625872611999512e-01 -2.149214744567871094e+01 4.745322036743164062e+01 -1.258013725280761719e+00
-3.148352432250976562e+01 2.020897865295410156e-01 -1.023124098777770996e+00 -1.558989143371582031e+01 4.413560867309570312e+01 -1.244523882865905762e+00
-3.817980194091796875e+01 1.245593452453613281e+01 -2.278777360916137695e+00 -9.578309059143066406e+00 3.226018524169921875e+01 -3.715763092041015625e-01
-4.450770187377929688e+01 1.814352226257324219e+01 -2.908020496368408203e+00 -8.820239067077636719e+00 2.815604782104492188e+01 -2.002264112234115601e-01
-5.024611663818359375e+01 2.668878364562988281e+01 -3.421867370605468750e+00 -1.178788852691650391e+01 2.184127426147460938e+01 -1.848556548357009888e-01
-5.260296630859375000e+01 3.443839645385742188e+01 -3.655079603195190430e+00 -1.496120166778564453e+01 1.754716110229492188e+01 -6.617650985717773438e-01
-4.914430999755859375e+01 3.698369216918945312e+01 -3.646404266357421875e+00 -1.832420730590820312e+01 1.183831691741943359e+01 -9.120904803276062012e-01
-3.592818069458007812e+01 3.988719940185546875e+01 -3.254267215728759766e+00 -2.231778526306152344e+01 1.094540214538574219e+01 -1.444978594779968262e+00
-2.686176109313964844e+01 4.299069976806640625e+01 -2.980031490325927734e+00 -2.586886978149414062e+01 7.130029201507568359e+00 -1.201815605163574219e+00
-1.688859367370605469e+01 4.193380737304687500e+01 -2.573576211929321289e+00 -3.084456825256347656e+01 7.219409465789794922e+00 -1.291531562805175781e+00
-1.052840805053710938e+01 3.893017959594726562e+01 -2.001442909240722656e+00 -3.682734298706054688e+01 1.151636695861816406e+01 -1.028122305870056152e+00
-6.653789520263671875e+00 3.160464286804199219e+01 -1.785229325294494629e+00 -3.986617279052734375e+01 1.971486663818359375e+01 -9.434866309165954590e-01
-6.265870094299316406e+00 2.088513946533203125e+01 -7.100200057029724121e-01 -4.658268356323242188e+01 2.456641769409179688e+01 -1.896531105041503906e+00
-1.125149345397949219e+01 1.401639938354492188e+01 -6.855319738388061523e-01 -5.186111068725585938e+01 3.367287445068359375e+01 -2.271411657333374023e+00
-1.715406036376953125e+01 6.851448535919189453e+00 -4.317340552806854248e-01 -5.429317092895507812e+01 4.316802978515625000e+01 -2.426077604293823242e+00
-2.272375679016113281e+01 2.062291622161865234e+00 -5.596187114715576172e-01 -5.211872482299804688e+01 4.967679595947265625e+01 -2.395898342132568359e+00
-2.670927429199218750e+01 1.332196712493896484e+00 -5.085944533348083496e-01 -4.514843750000000000e+01 5.270693206787109375e+01 -2.086169719696044922e+00
-2.739432716369628906e+01 -7.913994789123535156e-02 -1.678403496742248535e+00 -2.430310249328613281e+01 4.803069305419921875e+01 -3.406248986721038818e-01
-3.518118667602539062e+01 1.150183677673339844e-01 -1.836532235145568848e+00 -1.639026641845703125e+01 4.479438781738281250e+01 -2.661098241806030273e-01
-4.349883651733398438e+01 5.261330127716064453e+00 -2.094039201736450195e+00 -1.057988643646240234e+01 3.874424743652343750e+01 9.783320426940917969e-01
-4.993235778808593750e+01 1.332173538208007812e+01 -2.286607742309570312e+00 -7.116654872894287109e+00 3.191579437255859375e+01 1.066171646118164062e+00
-5.389568710327148438e+01 1.916544914245605469e+01 -2.511645555496215820e+00 -6.060074806213378906e+00 2.381962203979492188e+01 5.403425693511962891e-01
-5.221118927001953125e+01 3.307934188842773438e+01 -2.609238624572753906e+00 -8.426774024963378906e+00 1.259873485565185547e+01 3.718547821044921875e+00
-4.747713470458984375e+01 3.993889617919921875e+01 -2.688126564025878906e+00 -1.207831478118896484e+01 8.079312324523925781e+00 7.657455444335937500e+00
-3.824266052246093750e+01 4.290784454345703125e+01 -2.692956686019897461e+00 -1.537493133544921875e+01 1.698634505271911621e+00 8.485959053039550781e+00
-2.660117530822753906e+01 4.412684631347656250e+01 -2.664298057556152344e+00 -1.822234916687011719e+01 7.825410366058349609e-02 6.006513118743896484e+00
-1.586694812774658203e+01 4.101516723632812500e+01 -2.716329097747802734e+00 -2.151209068298339844e+01 -6.266047060489654541e-02 2.919870853424072266e+00
-8.105044364929199219e+00 3.409547424316406250e+01 -1.630021452903747559e+00 -3.658625793457031250e+01 5.523089885711669922e+00 -1.374021649360656738e+00
-9.135437965393066406e+00 2.928220939636230469e+01 -5.685847997665405273e-01 -4.514984130859375000e+01 1.088659763336181641e+01 -2.150799036026000977e+00
-7.853595733642578125e+00 2.197282409667968750e+01 2.714623212814331055e+00 -5.151252365112304688e+01 1.909012985229492188e+01 -2.387355327606201172e+00
-7.732386112213134766e+00 1.641840362548828125e+01 4.549557209014892578e+00 -5.146590805053710938e+01 2.796300506591796875e+01 -2.257744789123535156e+00
-8.497913360595703125e+00 9.214202880859375000e+00 6.422070026397705078e+00 -4.626753616333007812e+01 3.163981246948242188e+01 -2.317417383193969727e+00
-1.662561607360839844e+01 -2.467865049839019775e-01 5.391947627067565918e-01 -4.293263244628906250e+01 4.939079284667968750e+01 -1.563131928443908691e+00
-1.541294765472412109e+01 -5.051155090332031250e-01 -7.030366361141204834e-02 -3.417063522338867188e+01 5.091961669921875000e+01 -9.951561093330383301e-01
-1.583510303497314453e+01 -6.585378050804138184e-01 -5.825054049491882324e-01 -2.134153747558593750e+01 4.786180877685546875e+01 -5.257387161254882812e-01
-1.814082145690917969e+01 -5.544310808181762695e-01 -9.106440544128417969e-01 -1.094237804412841797e+01 4.246279144287109375e+01 -1.649323552846908569e-01
-2.429718780517578125e+01 6.769800186157226562e-01 -1.256923198699951172e+00 -7.162152767181396484e+00 3.524662017822265625e+01 -1.047943159937858582e-01
-4.718627929687500000e+01 1.563463401794433594e+01 -2.481146812438964844e+00 -9.804775238037109375e+00 2.402808570861816406e+01 -3.630943223834037781e-02
-5.197196197509765625e+01 2.183679580688476562e+01 -3.011989831924438477e+00 -8.910738945007324219e+00 1.918977546691894531e+01 9.305391311645507812e-01
-5.553940582275390625e+01 2.939689636230468750e+01 -3.331361055374145508e+00 -1.252387809753417969e+01 1.452003574371337891e+01 -6.692991405725479126e-02
-5.522481918334960938e+01 3.624296569824218750e+01 -3.253237485885620117e+00 -1.707122421264648438e+01 1.074654293060302734e+01 1.542482376098632812e-01
-5.061668777465820312e+01 4.093676757812500000e+01 -2.974951505661010742e+00 -2.121105194091796875e+01 7.725266933441162109e+00 -1.352818459272384644e-01
-2.957849502563476562e+01 4.297321319580078125e+01 -2.170735359191894531e+00 -2.265554809570312500e+01 3.912173748016357422e+00 -6.816321611404418945e-01
-1.717580604553222656e+01 4.184785842895507812e+01 -2.089128255844116211e+00 -2.686720657348632812e+01 1.016595244407653809e+00 -4.943230748176574707e-01
-8.515398979187011719e+00 3.842718505859375000e+01 -2.116014719009399414e+00 -3.450437164306640625e+01 3.496648311614990234e+00 -8.338333964347839355e-01
-5.307376384735107422e+00 3.077948951721191406e+01 -1.634024024009704590e+00 -4.449787521362304688e+01 9.894197463989257812e+00 -1.305798053741455078e+00
-6.261795043945312500e+00 2.344779014587402344e+01 -1.309250473976135254e+00 -5.418435287475585938e+01 2.025739669799804688e+01 -1.765007615089416504e+00
-5.855487346649169922e+00 1.424290657043457031e+01 -2.535407245159149170e-01 -5.448409652709960938e+01 3.092800521850585938e+01 -3.741919040679931641e+00
-5.564822673797607422e+00 8.109346389770507812e+00 7.922007441520690918e-01 -4.973524475097656250e+01 3.826831817626953125e+01 -3.878419637680053711e+00
-6.193322658538818359e+00 -3.132433816790580750e-02 4.338217258453369141e+00 -4.348095321655273438e+01 4.584918212890625000e+01 -3.971323490142822266e+00
-9.744635581970214844e+00 -5.231849551200866699e-01 4.784109592437744141e+00 -3.571572113037109375e+01 4.865697479248046875e+01 -3.643193006515502930e+00
-1.480082130432128906e+01 -3.706898391246795654e-01 4.639400959014892578e+00 -2.807079124450683594e+01 5.068299865722656250e+01 -3.370889425277709961e+00
-2.264381599426269531e+01 -6.709676980972290039e-02 -1.167828917503356934e+00 -1.384792232513427734e+01 4.277823638916015625e+01 -2.854621410369873047e+00
-3.037037086486816406e+01 3.946821689605712891e+00 -1.701551675796508789e+00 -7.406170845031738281e+00 3.425881958007812500e+01 -2.675002574920654297e+00
-4.108799743652343750e+01 1.295388412475585938e+01 -2.308814048767089844e+00 -6.278936862945556641e+00 2.601109123229980469e+01 -2.389711141586303711e+00
-4.966926193237304688e+01 2.239329910278320312e+01 -2.772875547409057617e+00 -9.208107948303222656e+00 1.832414245605468750e+01 -1.584269881248474121e+00
-5.505581283569335938e+01 3.427382659912109375e+01 -2.829082727432250977e+00 -1.345593929290771484e+01 1.157717609405517578e+01 -1.175276160240173340e+00
-4.644947433471679688e+01 4.570915222167968750e+01 -1.048633098602294922e+00 -1.737035369873046875e+01 6.597951412200927734e+00 -7.326928973197937012e-01
-3.787375259399414062e+01 4.887205123901367188e+01 -1.360516667366027832e+00 -2.103059577941894531e+01 3.904030323028564453e+00 -5.385326743125915527e-01
-2.892169570922851562e+01 4.841822433471679688e+01 -1.611169099807739258e+00 -2.590229225158691406e+01 1.645284056663513184e+00 -6.755277514457702637e-01
-2.046934509277343750e+01 4.668135452270507812e+01 -1.669931411743164062e+00 -3.197704887390136719e+01 2.508311748504638672e+00 -7.888746261596679688e-01
-1.538119220733642578e+01 4.225162887573242188e+01 -1.791050314903259277e+00 -3.853716659545898438e+01 7.849301815032958984e+00 -8.530325293540954590e-01
-9.313372611999511719e+00 3.628664779663085938e+01 -8.880875706672668457e-01 -4.706444931030273438e+01 1.033757686614990234e+01 -1.131675720214843750e+00
-7.131383419036865234e+00 2.845640373229980469e+01 -5.165917873382568359e-01 -5.076483535766601562e+01 1.645064163208007812e+01 -1.603660821914672852e+00
-6.275567054748535156e+00 2.089575195312500000e+01 6.044108271598815918e-01 -5.227535629272460938e+01 2.592978668212890625e+01 -1.793456912040710449e+00
-6.873467445373535156e+00 1.192471504211425781e+01 3.189097166061401367e+00 -5.081975173950195312e+01 3.307923889160156250e+01 -1.874102950096130371e+00
-7.761345863342285156e+00 6.026403903961181641e+00 4.668253421783447266e+00 -4.661569213867187500e+01 3.989679336547851562e+01 -1.899877905845642090e+00
-1.773353385925292969e+01 5.160709381103515625e+00 -2.743510603904724121e-01 -4.018450546264648438e+01 4.374547576904296875e+01 -1.278080344200134277e+00
-2.423057365417480469e+01 2.068830013275146484e+00 -3.400199115276336670e-01 -3.430511093139648438e+01 4.536550903320312500e+01 -1.160244822502136230e+00
-3.152311515808105469e+01 4.638961315155029297e+00 -7.700003981590270996e-01 -2.653013420104980469e+01 4.125318908691406250e+01 -9.685329794883728027e-01
-3.698017120361328125e+01 9.320800781250000000e+00 -1.414789915084838867e+00 -1.818413162231445312e+01 3.551445007324218750e+01 -5.500052571296691895e-01
-3.962736892700195312e+01 1.487597656250000000e+01 -1.837721705436706543e+00 -1.270063686370849609e+01 2.443693923950195312e+01 -5.140812993049621582e-01
-4.722618484497070312e+01 3.275775527954101562e+01 -2.675448894500732422e+00 -1.413549232482910156e+01 2.151644515991210938e+01 5.970698356628417969e+00
-4.551239776611328125e+01 3.798594665527343750e+01 -2.713685035705566406e+00 -1.166704368591308594e+01 1.542605113983154297e+01 8.469245910644531250e+00
-3.949369430541992188e+01 4.179107666015625000e+01 -2.515870094299316406e+00 -1.108659458160400391e+01 9.062790870666503906e+00 7.609689712524414062e+00
-3.434167480468750000e+01 4.386073303222656250e+01 -2.296993017196655273e+00 -1.229308891296386719e+01 3.252570629119873047e+00 6.327013015747070312e+00
-3.180003738403320312e+01 4.772157287597656250e+01 -2.545690774917602539e+00 -1.612732505798339844e+01 2.368684291839599609e+00 6.385627746582031250e+00
-2.163853836059570312e+01 4.556818008422851562e+01 -1.342373609542846680e+00 -2.752626609802246094e+01 2.526492595672607422e+00 -9.930614829063415527e-01
-1.637099647521972656e+01 4.078711700439453125e+01 -1.279144644737243652e+00 -3.496549987792968750e+01 4.661175251007080078e+00 -1.466032028198242188e+00
-1.248819637298583984e+01 3.232896804809570312e+01 -7.433471083641052246e-01 -4.306243133544921875e+01 1.232974624633789062e+01 -1.710982561111450195e+00
-9.206879615783691406e+00 2.356110763549804688e+01 -4.640414714813232422e-01 -5.203402328491210938e+01 2.110354995727539062e+01 -1.975240588188171387e+00
-5.433298587799072266e+00 1.512546920776367188e+01 2.632395625114440918e-01 -5.678286361694335938e+01 3.198532104492187500e+01 -2.172673225402832031e+00
-7.552863597869873047e+00 1.600244045257568359e+00 -5.887315273284912109e-01 -5.098483276367187500e+01 3.819367218017578125e+01 -2.441045999526977539e+00
-1.119388198852539062e+01 -4.372155666351318359e-01 -8.881101012229919434e-01 -4.401710128784179688e+01 4.351258087158203125e+01 -2.415148496627807617e+00
-1.579038429260253906e+01 -7.186836004257202148e-01 -1.563755512237548828e+00 -3.486924362182617188e+01 4.747279739379882812e+01 -1.983711123466491699e+00
-2.160972595214843750e+01 -9.489910006523132324e-01 -2.010387659072875977e+00 -2.484239006042480469e+01 4.754631042480468750e+01 -2.190040111541748047e+00
-2.913721084594726562e+01 -5.944387316703796387e-01 -2.313832283020019531e+00 -1.689138221740722656e+01 4.380849456787109375e+01 -2.277839899063110352e+00
-3.886687850952148438e+01 1.089386940002441406e+01 -2.496546030044555664e+00 -1.289488983154296875e+01 2.876803588867187500e+01 -1.586969137191772461e+00
-4.409439086914062500e+01 1.600312805175781250e+01 -2.582406044006347656e+00 -1.227729701995849609e+01 2.520144081115722656e+01 -1.603809237480163574e+00
-4.868719100952148438e+01 2.414403724670410156e+01 -2.210738182067871094e+00 -1.357403087615966797e+01 2.172206306457519531e+01 -1.330002188682556152e+00
-5.058031845092773438e+01 2.983608818054199219e+01 -2.042044401168823242e+00 -1.590651416778564453e+01 1.920532798767089844e+01 -1.005642890930175781e+00
-4.721634674072265625e+01 3.152136039733886719e+01 -1.668016672134399414e+00 -1.683346366882324219e+01 1.565498065948486328e+01 -6.138917207717895508e-01
-3.588714599609375000e+01 3.707097625732421875e+01 -1.376585841178894043e+00 -2.074491310119628906e+01 8.553183555603027344e+00 7.588195800781250000e-01
-3.152506828308105469e+01 3.808734130859375000e+01 -1.391808032989501953e+00 -2.629832839965820312e+01 6.621097087860107422e+00 -2.113784104585647583e-01
-2.582208633422851562e+01 3.894032287597656250e+01 -1.265167355537414551e+00 -3.257463836669921875e+01 8.918662071228027344e+00 -2.342651188373565674e-01
-1.948224830627441406e+01 3.393096160888671875e+01 -9.488545656204223633e-01 -3.903785324096679688e+01 1.249070262908935547e+01 -7.233878970146179199e-01
-1.431414222717285156e+01 2.776916885375976562e+01 -6.253656148910522461e-01 -4.366215896606445312e+01 1.875446510314941406e+01 -9.066940546035766602e-01
-1.407426452636718750e+01 1.676194000244140625e+01 -7.682164758443832397e-02 -4.843655014038085938e+01 3.114503860473632812e+01 -7.875202298164367676e-01
-1.237664890289306641e+01 1.360688972473144531e+01 2.534891963005065918e-01 -4.915924453735351562e+01 3.722057723999023438e+01 -9.868400692939758301e-01
-1.036231803894042969e+01 8.478631973266601562e+00 1.224148511886596680e+00 -4.767128753662109375e+01 4.243121719360351562e+01 -9.676969647407531738e-01
-8.834753990173339844e+00 4.826026439666748047e+00 2.175188779830932617e+00 -4.449503707885742188e+01 4.594600296020507812e+01 -1.199349761009216309e+00
-9.814759254455566406e+00 2.083823680877685547e+00 2.302014112472534180e+00 -4.109145355224609375e+01 4.751495742797851562e+01 -1.150188803672790527e+00
-2.106296157836914062e+01 3.075167179107666016e+00 -5.453479290008544922e-01 -3.524031829833984375e+01 4.491709899902343750e+01 -7.475579380989074707e-01
-2.784326744079589844e+01 7.148518085479736328e+00 -7.412130236625671387e-01 -3.224843597412109375e+01 4.302046585083007812e+01 -7.257857322692871094e-01
-3.344846343994140625e+01 1.363076400756835938e+01 -8.243386149406433105e-01 -3.078768348693847656e+01 3.916642379760742188e+01 -4.747416675090789795e-01
-3.669974517822265625e+01 1.971355247497558594e+01 -8.411706089973449707e-01 -2.753003501892089844e+01 3.466400909423828125e+01 -2.471939176321029663e-01
-3.599685287475585938e+01 2.365283775329589844e+01 -6.286477446556091309e-01 -2.553632736206054688e+01 2.969225883483886719e+01 1.535797119140625000e-01
-3.063367652893066406e+01 3.114041328430175781e+01 -8.012406229972839355e-01 -2.069832038879394531e+01 2.356801033020019531e+01 2.438538789749145508e+00
-3.372491073608398438e+01 3.242237854003906250e+01 -7.766509652137756348e-01 -2.085096549987792969e+01 2.273250007629394531e+01 6.146862030029296875e+00
-3.481423568725585938e+01 3.403225708007812500e+01 -1.014309406280517578e+00 -2.037269401550292969e+01 1.848580169677734375e+01 6.490298271179199219e+00
-3.412091445922851562e+01 3.772306060791015625e+01 -1.256984233856201172e+00 -2.114814567565917969e+01 1.603469848632812500e+01 5.499293327331542969e+00
-3.135223197937011719e+01 3.790718460083007812e+01 -1.646841883659362793e+00 -2.169991874694824219e+01 1.213889026641845703e+01 4.960147857666015625e+00
-2.402656364440917969e+01 3.253708648681640625e+01 -1.629439592361450195e+00 -3.006209373474121094e+01 1.589889812469482422e+01 4.320936203002929688e+00
-2.148820114135742188e+01 3.239105987548828125e+01 -1.272670865058898926e+00 -3.175625419616699219e+01 1.548465824127197266e+01 2.870145797729492188e+00
-1.727203941345214844e+01 3.108371162414550781e+01 -8.090106248855590820e-01 -3.339017868041992188e+01 1.953310394287109375e+01 4.145259857177734375e-01
-1.443692493438720703e+01 2.625225639343261719e+01 -3.672603070735931396e-01 -3.488381576538085938e+01 2.258983802795410156e+01 -2.705633342266082764e-01
-1.238742637634277344e+01 2.222391700744628906e+01 6.066996455192565918e-01 -3.497287368774414062e+01 2.830048942565917969e+01 -2.831529676914215088e-01
-1.479339599609375000e+01 1.879513168334960938e+01 -4.045971333980560303e-01 -3.601960754394531250e+01 3.268342590332031250e+01 -1.965460330247879028e-01
-1.486756896972656250e+01 1.561129760742187500e+01 -2.880247533321380615e-01 -3.597428512573242188e+01 3.439537048339843750e+01 -8.766069263219833374e-02
-1.379715633392333984e+01 1.154961967468261719e+01 -1.824848502874374390e-01 -3.388119888305664062e+01 3.702393722534179688e+01 -1.832179576158523560e-01
-1.350072383880615234e+01 8.709306716918945312e+00 -2.034118920564651489e-01 -3.181011772155761719e+01 3.831037521362304688e+01 -2.377037554979324341e-01
-1.550334167480468750e+01 8.900812149047851562e+00 -2.780100107192993164e-01 -3.019094657897949219e+01 3.917634963989257812e+01 -5.240986347198486328e-01
-2.662626075744628906e+01 1.053627967834472656e+01 -1.840729951858520508e+00 -2.931497573852539062e+01 3.560342788696289062e+01 -5.238222479820251465e-01
-3.531433486938476562e+01 1.222714233398437500e+01 -1.634001135826110840e+00 -2.786643791198730469e+01 3.463809967041015625e+01 -6.357327699661254883e-01
-4.075185775756835938e+01 1.694746208190917969e+01 -1.427479863166809082e+00 -2.408812713623046875e+01 3.372173309326171875e+01 -4.482006728649139404e-01
-4.332979202270507812e+01 2.058997535705566406e+01 -1.459687709808349609e+00 -1.998761749267578125e+01 3.030699348449707031e+01 -4.104233384132385254e-01
-4.218701171875000000e+01 2.503920173645019531e+01 -1.404336333274841309e+00 -1.529637622833251953e+01 2.495945167541503906e+01 -2.169494926929473877e-01
-3.997546768188476562e+01 3.252570724487304688e+01 -1.486323237419128418e+00 -1.567162036895751953e+01 1.355515575408935547e+01 -4.810953047126531601e-03
-3.898591995239257812e+01 3.347050094604492188e+01 -1.522498965263366699e+00 -1.971432495117187500e+01 1.248944568634033203e+01 1.997245788574218750e+00
-3.592753219604492188e+01 3.486239624023437500e+01 -1.434927701950073242e+00 -2.260988616943359375e+01 1.103891849517822266e+01 1.493629932403564453e+00
-3.048271560668945312e+01 3.372232055664062500e+01 -1.150298714637756348e+00 -2.511047172546386719e+01 1.149182796478271484e+01 2.313147544860839844e+00
-2.389730834960937500e+01 3.034751129150390625e+01 -9.758158922195434570e-01 -2.564922904968261719e+01 1.198041057586669922e+01 2.417544364929199219e+00
