-8.642194867134094238e-01 -8.241509795188903809e-01 9.257367134094238281e+00 -1.766561865806579590e+00 2.402261734008789062e+01 -1.376535929739475250e-02
-4.083457469940185547e+00 -1.260179519653320312e+00 6.670304775238037109e+00 -7.006039023399353027e-01 2.348532104492187500e+01 -8.240011334419250488e-02
-1.397768878936767578e+01 -1.400720834732055664e+00 1.411296606063842773e+00 -2.584741353988647461e+00 2.123148345947265625e+01 -2.927882075309753418e-01
-2.752512168884277344e+01 -9.176460504531860352e-01 -4.822045862674713135e-01 -4.169100284576416016e+00 1.918288230895996094e+01 -5.841587111353874207e-02
-4.130787658691406250e+01 -3.182843327522277832e-01 -1.064024806022644043e+00 -4.811988830566406250e+00 1.480198955535888672e+01 -6.498125195503234863e-02
-5.468903350830078125e+01 4.557917118072509766e+00 -1.776389122009277344e+00 -4.851438999176025391e+00 9.293373107910156250e+00 3.668432235717773438e-01
-5.599967193603515625e+01 1.473025321960449219e+01 -1.666979670524597168e+00 -4.086278438568115234e+00 3.405866622924804688e+00 3.252286911010742188e+00
-4.992047500610351562e+01 2.255854606628417969e+01 -1.155619025230407715e+00 -2.461370706558227539e+00 -3.260041773319244385e-01 5.418234825134277344e+00
-3.790597915649414062e+01 2.629400825500488281e+01 -7.846367955207824707e-01 -1.493720412254333496e+00 -8.038854002952575684e-01 8.211545944213867188e+00
-2.409491348266601562e+01 2.632079124450683594e+01 -5.518259406089782715e-01 -1.748150467872619629e+00 -1.135917067527770996e+00 1.047501945495605469e+01
-1.445363140106201172e+01 2.685438919067382812e+01 -6.356297731399536133e-01 -4.405423641204833984e+00 -1.430617690086364746e+00 9.309702873229980469e+00
-8.369765281677246094e+00 2.771046638488769531e+01 -6.694802641868591309e-01 -7.748418331146240234e+00 -1.661248445510864258e+00 8.582165718078613281e+00
-4.189227581024169922e+00 2.724114799499511719e+01 -7.816951870918273926e-01 -1.386830425262451172e+01 -1.829942107200622559e+00 6.073581695556640625e+00
-2.071980476379394531e+00 2.627972221374511719e+01 -9.191229939460754395e-01 -2.193298912048339844e+01 -1.659389853477478027e+00 5.875124931335449219e-01
-9.724103808403015137e-01 2.270363044738769531e+01 -8.910546302795410156e-01 -2.962755775451660156e+01 -1.357278227806091309e+00 -2.834531366825103760e-01
3.400890827178955078e+00 1.642010688781738281e+01 -5.013162493705749512e-01 -4.101811218261718750e+01 -2.368654757738113403e-01 -6.006562709808349609e-01
1.685110473632812500e+01 9.740499496459960938e+00 -2.347274571657180786e-01 -4.519369506835937500e+01 5.155037403106689453e+00 -8.586367964744567871e-01
2.226902198791503906e+01 3.661579608917236328e+00 -9.648979455232620239e-02 -4.355497741699218750e+01 1.284221935272216797e+01 -7.056356668472290039e-01
2.011462593078613281e+01 -2.151309102773666382e-01 -2.945488132536411285e-02 -3.822839736938476562e+01 1.782630157470703125e+01 -4.179039895534515381e-01
6.417074680328369141e+00 -6.762024760246276855e-01 3.621255755424499512e-01 -3.122918510437011719e+01 2.096304130554199219e+01 -3.502401411533355713e-01
-5.606397986412048340e-01 -8.681104779243469238e-01 1.626936674118041992e+00 -2.017849731445312500e+01 1.933501434326171875e+01 -5.336281061172485352e-01
-3.743095159530639648e+00 -1.326182723045349121e+00 9.022204279899597168e-01 -1.580346393585205078e+01 2.226148986816406250e+01 -6.883029937744140625e-01
-1.052559566497802734e+01 -1.602663636207580566e+00 -1.955164223909378052e-01 -1.352345943450927734e+01 2.321649551391601562e+01 -7.122350931167602539e-01
-1.997896003723144531e+01 -1.475353240966796875e+00 -6.001273989677429199e-01 -1.194068717956542969e+01 2.236150360107421875e+01 -6.636748313903808594e-01
-2.942175102233886719e+01 -9.587225317955017090e-01 -8.369433283805847168e-01 -1.040859031677246094e+01 1.970498657226562500e+01 -5.255517363548278809e-01
-4.273588562011718750e+01 -1.045218482613563538e-01 -1.256735682487487793e+00 -1.058457851409912109e+01 1.330515098571777344e+01 -9.361255168914794922e-02
-4.453149414062500000e+01 5.072732448577880859e+00 -1.268149971961975098e+00 -8.259382247924804688e+00 9.839978218078613281e+00 1.821106910705566406e+00
-4.144899749755859375e+01 1.127811622619628906e+01 -1.231151938438415527e+00 -3.778062582015991211e+00 4.382464885711669922e+00 4.777715206146240234e+00
-3.489543914794921875e+01 1.516678810119628906e+01 -1.148685455322265625e+00 2.030393600463867188e+00 -9.320189058780670166e-02 5.514342784881591797e+00
-2.830551719665527344e+01 1.693103599548339844e+01 -1.169107437133789062e+00 1.508465385437011719e+01 -5.485695600509643555e-01 6.585571765899658203e+00
-2.082377052307128906e+01 1.998689270019531250e+01 -1.717110037803649902e+00 -6.677263975143432617e-02 -1.115570545196533203e+00 7.451666831970214844e+00
-1.879887008666992188e+01 2.201263618469238281e+01 -1.825454115867614746e+00 -5.884371757507324219e+00 -1.331695079803466797e+00 7.013445854187011719e+00
-1.679823875427246094e+01 2.309104537963867188e+01 -1.833264708518981934e+00 -1.304592800140380859e+01 -1.320260524749755859e+00 4.752101898193359375e+00
-1.453073024749755859e+01 2.127275466918945312e+01 -1.635730743408203125e+00 -2.087835502624511719e+01 -1.063066363334655762e+00 8.635866641998291016e-01
-1.230148792266845703e+01 1.864917564392089844e+01 -1.420832395553588867e+00 -2.829767799377441406e+01 -6.170470118522644043e-01 -2.106440514326095581e-01
-5.734602928161621094e+00 1.459784507751464844e+01 -6.901461482048034668e-01 -3.660236740112304688e+01 -1.977564208209514618e-02 -4.790407121181488037e-01
-2.127964973449707031e+00 9.436494827270507812e+00 -3.847564160823822021e-01 -3.842425155639648438e+01 5.842538356781005859e+00 -6.109212040901184082e-01
8.707048416137695312e+00 4.444826126098632812e+00 -1.912243217229843140e-01 -3.656852340698242188e+01 1.183382129669189453e+01 -5.430166125297546387e-01
2.482209968566894531e+01 -1.538332551717758179e-01 -9.311912953853607178e-02 -3.175409889221191406e+01 1.595494365692138672e+01 -3.360070288181304932e-01
2.076235008239746094e+01 -6.175112128257751465e-01 -5.592995788902044296e-03 -2.595652198791503906e+01 1.852143669128417969e+01 -2.525448501110076904e-01
-1.188561916351318359e-01 -8.142291903495788574e-01 5.340043902397155762e-01 -1.907151603698730469e+01 1.769463920593261719e+01 -6.470987200736999512e-01
-1.862933993339538574e+00 -1.128256678581237793e+00 5.572127699851989746e-01 -1.735851097106933594e+01 1.857413482666015625e+01 -9.613561630249023438e-01
-6.551990032196044922e+00 -1.242125868797302246e+00 -7.487595826387405396e-02 -1.742853927612304688e+01 2.043235778808593750e+01 -9.589995741844177246e-01
-1.302697753906250000e+01 -1.226497650146484375e+00 -2.733045816421508789e-01 -1.694632148742675781e+01 2.067963409423828125e+01 -8.076824545860290527e-01
-1.858100509643554688e+01 -9.932741522789001465e-01 -3.731318712234497070e-01 -1.568985176086425781e+01 2.090926551818847656e+01 -6.884906291961669922e-01
-3.210185623168945312e+01 -4.126524925231933594e-01 -1.004744052886962891e+00 -1.578991127014160156e+01 1.957081604003906250e+01 -3.666820526123046875e-01
-3.701123809814453125e+01 5.705065727233886719e-01 -9.782330393791198730e-01 -1.507324409484863281e+01 1.779329681396484375e+01 -1.154106184840202332e-01
-3.695926666259765625e+01 6.247712612152099609e+00 -8.216474652290344238e-01 -1.175354290008544922e+01 1.440863323211669922e+01 4.005470275878906250e-01
-3.264391708374023438e+01 1.019308853149414062e+01 -6.393914818763732910e-01 -7.819793701171875000e+00 1.067139244079589844e+01 1.760537147521972656e+00
-2.731342887878417969e+01 1.183666419982910156e+01 -6.490457057952880859e-01 -3.882260084152221680e+00 6.506472110748291016e+00 3.655942916870117188e+00
-1.413566875457763672e+01 1.215869522094726562e+01 -6.634527444839477539e-01 8.424051284790039062e+00 -1.319101899862289429e-01 7.217823982238769531e+00
-8.966033935546875000e+00 1.284379386901855469e+01 -7.792107462882995605e-01 2.026175880432128906e+01 -6.695641279220581055e-01 7.692780494689941406e+00
-7.080800533294677734e+00 1.353137397766113281e+01 -1.025627970695495605e+00 -1.404662966728210449e+00 -9.562186598777770996e-01 6.928025245666503906e+00
-8.122036933898925781e+00 1.334059333801269531e+01 -1.129044890403747559e+00 -7.999854564666748047e+00 -9.530760645866394043e-01 4.728783607482910156e+00
-1.041917705535888672e+01 1.278611373901367188e+01 -1.066900134086608887e+00 -1.580773448944091797e+01 -7.281563282012939453e-01 1.442846298217773438e+00
-9.801087379455566406e+00 1.150364685058593750e+01 -7.770776152610778809e-01 -2.850064086914062500e+01 -3.391018509864807129e-01 -3.081127405166625977e-01
-7.031678199768066406e+00 8.977148056030273438e+00 -7.349855303764343262e-01 -3.366767883300781250e+01 1.224205374717712402e+00 -4.889903068542480469e-01
-5.017396450042724609e+00 5.347227573394775391e+00 -6.324827671051025391e-01 -3.594024276733398438e+01 6.580730915069580078e+00 -5.271884799003601074e-01
-3.796870946884155273e+00 1.770895004272460938e+00 -5.074738860130310059e-01 -3.566769790649414062e+01 1.148264789581298828e+01 -4.217913746833801270e-01
-3.815768957138061523e+00 -2.414183914661407471e-01 -3.731660842895507812e-01 -3.248054122924804688e+01 1.557254695892333984e+01 -3.361786007881164551e-01
-3.487008810043334961e+00 -7.509173154830932617e-01 -4.071868211030960083e-02 -2.369651603698730469e+01 1.833922958374023438e+01 -1.264439821243286133e-01
-1.767066836357116699e+00 -1.098518013954162598e+00 1.592723608016967773e+00 -1.807007980346679688e+01 1.904874992370605469e+01 -2.444757223129272461e-01
-3.034933328628540039e+00 -1.280300378799438477e+00 1.835689783096313477e+00 -1.409342193603515625e+01 1.905005645751953125e+01 -3.416090309619903564e-01
-6.940987586975097656e+00 -1.312630295753479004e+00 -1.255334075540304184e-02 -1.233775520324707031e+01 1.795056533813476562e+01 -7.493163347244262695e-01
-1.191852092742919922e+01 -1.325578570365905762e+00 -2.113893032073974609e-01 -1.360736274719238281e+01 1.617338943481445312e+01 -1.018221855163574219e+00
-2.435750389099121094e+01 -1.260725259780883789e+00 -7.486638426780700684e-01 -1.321065044403076172e+01 1.802473258972167969e+01 -5.313948392868041992e-01
-3.104402732849121094e+01 -8.958193063735961914e-01 -8.208738565444946289e-01 -9.061957359313964844e+00 1.613002586364746094e+01 -3.787494301795959473e-01
-3.641915512084960938e+01 -3.543406128883361816e-01 -9.516280293464660645e-01 -5.537333011627197266e+00 1.266694164276123047e+01 -1.584838926792144775e-01
-3.862614059448242188e+01 2.207670688629150391e+00 -1.019226908683776855e+00 -2.226144313812255859e+00 8.254768371582031250e+00 1.140493869781494141e+00
-3.792238998413085938e+01 7.139505863189697266e+00 -1.063736438751220703e+00 3.341436386108398438e+00 2.326560020446777344e+00 3.198018074035644531e+00
-2.433577346801757812e+01 1.423903846740722656e+01 -6.628839969635009766e-01 2.680377006530761719e+01 -5.476410388946533203e-01 5.949849605560302734e+00
-1.400411701202392578e+01 1.542855262756347656e+01 -9.382133483886718750e-01 2.179552650451660156e+01 -1.005441784858703613e+00 7.481798171997070312e+00
-6.828011989593505859e+00 1.538962364196777344e+01 -1.274922847747802734e+00 -2.299489974975585938e+00 -1.471616625785827637e+00 7.493265151977539062e+00
-2.999986171722412109e+00 1.377071380615234375e+01 -1.508228063583374023e+00 -1.047680759429931641e+01 -1.479629278182983398e+00 3.091141700744628906e+00
-1.820025444030761719e+00 9.960275650024414062e+00 -1.684773683547973633e+00 -2.065659904479980469e+01 -1.212012767791748047e+00 -3.436326980590820312e-02
-6.825912475585937500e+00 7.391256809234619141e+00 -1.424511909484863281e+00 -3.441037750244140625e+01 2.608574628829956055e-01 -1.979535371065139771e-01
-6.005195617675781250e+00 6.201722145080566406e+00 -1.398695945739746094e+00 -3.627096176147460938e+01 2.792571544647216797e+00 -4.109835624694824219e-01
-5.013041973114013672e+00 2.332348823547363281e+00 -1.110900521278381348e+00 -3.763566970825195312e+01 7.238690853118896484e+00 -5.314281582832336426e-01
-5.029118537902832031e+00 3.232691287994384766e-01 -8.899690508842468262e-01 -3.737554931640625000e+01 1.011055660247802734e+01 -3.424083888530731201e-01
-5.251378059387207031e+00 -8.978724479675292969e-02 -7.540592551231384277e-01 -3.494858932495117188e+01 1.467062854766845703e+01 -1.325281858444213867e-01
-1.994989633560180664e+00 -3.938945233821868896e-01 -1.435796022415161133e-01 -2.608424949645996094e+01 1.510647106170654297e+01 -8.345299214124679565e-02
-6.802405118942260742e-01 -6.710395216941833496e-01 -8.719113469123840332e-02 -1.978712272644042969e+01 1.649491119384765625e+01 7.324409484863281250e-02
-1.946838974952697754e+00 -9.456318020820617676e-01 -2.550416290760040283e-01 -1.473072814941406250e+01 1.627990722656250000e+01 -7.622241973876953125e-03
-6.484858036041259766e+00 -9.412725567817687988e-01 -4.305112361907958984e-01 -1.117625808715820312e+01 1.460997390747070312e+01 -2.044112682342529297e-01
-1.298887348175048828e+01 -6.718645691871643066e-01 -6.633546352386474609e-01 -1.053583812713623047e+01 1.194928073883056641e+01 -3.455026447772979736e-01
-2.284645652770996094e+01 -5.649150609970092773e-01 -1.221341848373413086e+00 -1.240977001190185547e+01 1.283408069610595703e+01 -5.617550015449523926e-01
-3.019065856933593750e+01 -2.767893373966217041e-01 -1.253170371055603027e+00 -1.208154869079589844e+01 1.192139339447021484e+01 -4.581475257873535156e-01
-3.501919174194335938e+01 1.194126129150390625e+00 -1.257182955741882324e+00 -1.071361351013183594e+01 1.027373409271240234e+01 -3.506038486957550049e-01
-3.598891830444335938e+01 5.178357124328613281e+00 -1.160277485847473145e+00 -8.246630668640136719e+00 7.978274822235107422e+00 -1.378778517246246338e-01
-3.432670974731445312e+01 8.768743515014648438e+00 -1.090418577194213867e+00 -5.278081893920898438e+00 4.629325389862060547e+00 6.479556560516357422e-01
-2.821936416625976562e+01 1.720788192749023438e+01 -1.074603915214538574e+00 -4.341530799865722656e+00 -6.289927363395690918e-01 2.430488586425781250e+00
-2.349445533752441406e+01 1.835562896728515625e+01 -1.030932426452636719e+00 -7.777036190032958984e+00 -9.147204756736755371e-01 3.375100135803222656e+00
-1.702144432067871094e+01 1.943046951293945312e+01 -9.203367233276367188e-01 -1.009926319122314453e+01 -1.144452214241027832e+00 3.890604019165039062e+00
-9.531857490539550781e+00 1.670637130737304688e+01 -9.252729415893554688e-01 -1.319732189178466797e+01 -1.113781690597534180e+00 2.982249259948730469e+00
-4.424489021301269531e+00 1.326815605163574219e+01 -9.058847427368164062e-01 -1.673995590209960938e+01 -9.293107390403747559e-01 2.015269517898559570e+00
-4.302225589752197266e+00 8.043802261352539062e+00 -6.581372022628784180e-01 -2.562115478515625000e+01 -2.261745035648345947e-01 -1.379012316465377808e-01
-5.714421749114990234e+00 5.701171398162841797e+00 -5.915373563766479492e-01 -3.097367286682128906e+01 1.725836157798767090e+00 -3.664281368255615234e-01
-7.002173900604248047e+00 2.089564800262451172e+00 -4.632037580013275146e-01 -3.356778717041015625e+01 7.723159313201904297e+00 -5.779687762260437012e-01
-7.759638309478759766e+00 -1.286646872758865356e-01 -2.435397356748580933e-01 -3.419730758666992188e+01 1.239691066741943359e+01 -6.324695944786071777e-01
-7.972979068756103516e+00 -2.902327477931976318e-01 -4.048321768641471863e-02 -3.247988891601562500e+01 1.692332458496093750e+01 -6.744115948677062988e-01
-8.242281913757324219e+00 -4.732700288295745850e-01 -3.594353795051574707e-02 -2.521930503845214844e+01 1.695713996887207031e+01 -5.961853861808776855e-01
-1.030863761901855469e+01 -6.002873778343200684e-01 -8.603030815720558167e-03 -2.289387130737304688e+01 1.816119003295898438e+01 -4.932644069194793701e-01
-1.240426158905029297e+01 -6.438500285148620605e-01 -1.056168694049119949e-02 -1.995200920104980469e+01 1.842909812927246094e+01 -4.325084686279296875e-01
-1.478303527832031250e+01 -5.790340900421142578e-01 -1.815808378159999847e-02 -1.706515884399414062e+01 1.778953742980957031e+01 -2.785613834857940674e-01
-1.666806411743164062e+01 -4.481897056102752686e-01 -9.989941865205764771e-02 -1.455828285217285156e+01 1.613457107543945312e+01 -2.366490215063095093e-01
-2.227202796936035156e+01 -2.349605560302734375e-01 -9.191229939460754395e-02 -8.772944450378417969e+00 1.406565570831298828e+01 -2.752036750316619873e-01
-2.574523735046386719e+01 -1.312047243118286133e-02 -3.249209821224212646e-01 -5.769433498382568359e+00 1.288592624664306641e+01 -1.027470827102661133e-01
-2.853192520141601562e+01 2.882006645202636719e+00 -5.520434975624084473e-01 -3.867439985275268555e+00 1.020372676849365234e+01 -5.631199106574058533e-02
-2.948625564575195312e+01 6.510169506072998047e+00 -6.802837848663330078e-01 -2.403798580169677734e+00 6.960397243499755859e+00 6.583619117736816406e-01
-2.965235328674316406e+01 1.112208938598632812e+01 -7.700901627540588379e-01 -2.143555402755737305e+00 3.404914855957031250e+00 1.757891654968261719e+00
-2.708407974243164062e+01 1.521263885498046875e+01 -1.085359930992126465e+00 -5.907422542572021484e+00 1.046754240989685059e+00 2.552205562591552734e+00
-2.400519752502441406e+01 1.674787712097167969e+01 -9.813661575317382812e-01 -6.945649623870849609e+00 -1.576545387506484985e-01 2.575340032577514648e+00
-1.956196403503417969e+01 1.651993560791015625e+01 -8.306187987327575684e-01 -8.949341773986816406e+00 -3.314173221588134766e-01 2.673761367797851562e+00
-1.540497303009033203e+01 1.540437889099121094e+01 -7.398941516876220703e-01 -1.184366130828857422e+01 -3.437832295894622803e-01 2.583951234817504883e+00
-1.217786216735839844e+01 1.446652030944824219e+01 -6.511856913566589355e-01 -1.549539089202880859e+01 -2.276565134525299072e-01 1.611271619796752930e+00
-7.849202632904052734e+00 1.466440391540527344e+01 -8.471054434776306152e-01 -1.972108840942382812e+01 -4.076502323150634766e-01 7.892751693725585938e-02
-5.684772491455078125e+00 1.192554855346679688e+01 -8.020910620689392090e-01 -2.227956771850585938e+01 -9.963728487491607666e-02 -1.637783087790012360e-02
-5.722071170806884766e+00 8.075588226318359375e+00 -7.631927132606506348e-01 -2.423042106628417969e+01 1.901441931724548340e+00 -2.384015321731567383e-01
-6.497420787811279297e+00 5.714469432830810547e+00 -6.677877306938171387e-01 -2.552423286437988281e+01 5.197102069854736328e+00 -3.177239298820495605e-01
-7.576433658599853516e+00 2.665756702423095703e+00 -6.122616529464721680e-01 -2.578384208679199219e+01 8.158195495605468750e+00 -4.236560761928558350e-01
-8.936776161193847656e+00 1.958907604217529297e+00 -5.718875527381896973e-01 -2.656341934204101562e+01 1.047995090484619141e+01 -5.147591829299926758e-01
-7.721695899963378906e+00 1.325250864028930664e-01 -4.161880612373352051e-01 -2.505995941162109375e+01 1.314142036437988281e+01 -4.057819545269012451e-01
-7.340900421142578125e+00 -2.105999439954757690e-01 -3.798393309116363525e-01 -2.171550559997558594e+01 1.457408523559570312e+01 -3.342403769493103027e-01
-7.762943267822265625e+00 -3.196299970149993896e-01 -3.268736004829406738e-01 -1.738981628417968750e+01 1.497719097137451172e+01 -1.862157136201858521e-01
-9.534628868103027344e+00 -3.152957558631896973e-01 -3.166232109069824219e-01 -1.386111354827880859e+01 1.451149749755859375e+01 -1.535178273916244507e-01
-1.344396400451660156e+01 -3.745161294937133789e-01 -3.220696747303009033e-01 -9.544567108154296875e+00 1.051369857788085938e+01 -4.452054202556610107e-01
-1.634908485412597656e+01 -2.948378324508666992e-01 -4.843492209911346436e-01 -8.741292953491210938e+00 9.485459327697753906e+00 -4.453186988830566406e-01
-2.012810134887695312e+01 -3.971431404352188110e-02 -6.860732436180114746e-01 -8.426856040954589844e+00 8.353608131408691406e+00 -3.277694880962371826e-01
-2.246603393554687500e+01 1.837949991226196289e+00 -8.456494212150573730e-01 -8.301293373107910156e+00 6.603206157684326172e+00 -3.148278295993804932e-01
-2.401034545898437500e+01 3.793552875518798828e+00 -9.282407164573669434e-01 -8.311654090881347656e+00 4.653825283050537109e+00 -3.053453564643859863e-01
-2.353470420837402344e+01 6.427501201629638672e+00 -8.962395787239074707e-01 -7.906066417694091797e+00 3.333483695983886719e+00 -1.480314284563064575e-01
-2.132860755920410156e+01 8.182184219360351562e+00 -8.802778124809265137e-01 -8.604445457458496094e+00 1.960890173912048340e+00 -5.529613420367240906e-02
-1.791574096679687500e+01 9.116498947143554688e+00 -8.836485743522644043e-01 -8.778470993041992188e+00 3.575338125228881836e-01 9.210300445556640625e-02
-1.486582183837890625e+01 9.343219757080078125e+00 -8.595365881919860840e-01 -9.550690650939941406e+00 -1.951566897332668304e-02 2.410669326782226562e-01
-1.357632350921630859e+01 9.042591094970703125e+00 -8.326406478881835938e-01 -1.093794631958007812e+01 -2.170397154986858368e-02 3.459291458129882812e-01
-1.002082729339599609e+01 8.309740066528320312e+00 -6.839937567710876465e-01 -1.547976875305175781e+01 9.089244604110717773e-01 -1.448724716901779175e-01
-9.559697151184082031e+00 7.401083469390869141e+00 -6.505996584892272949e-01 -1.745671272277832031e+01 2.065109729766845703e+00 -2.141966819763183594e-01
-9.080281257629394531e+00 6.319099903106689453e+00 -6.681121587753295898e-01 -1.985327911376953125e+01 3.881174564361572266e+00 -3.693824708461761475e-01
-9.703577995300292969e+00 5.202003955841064453e+00 -5.252994298934936523e-01 -2.142441368103027344e+01 6.295967102050781250e+00 -4.777446687221527100e-01
-8.895964622497558594e+00 2.175029277801513672e+00 -4.795600473880767822e-01 -2.159358978271484375e+01 8.937360763549804688e+00 -5.752868056297302246e-01
-9.637976646423339844e+00 -2.216532677412033081e-01 -1.996691077947616577e-01 -2.507344245910644531e+01 1.303663349151611328e+01 -8.189984560012817383e-01
-8.664774894714355469e+00 -3.584627807140350342e-01 -1.441482752561569214e-01 -2.309681320190429688e+01 1.495211887359619141e+01 -8.461908698081970215e-01
-7.567582130432128906e+00 -4.990169703960418701e-01 -1.262769997119903564e-01 -2.003319358825683594e+01 1.730045127868652344e+01 -7.010951042175292969e-01
-7.245761871337890625e+00 -7.487974166870117188e-01 -7.340167462825775146e-02 -1.632694053649902344e+01 1.749726295471191406e+01 -7.123376131057739258e-01
-8.088486671447753906e+00 -7.318291068077087402e-01 -5.290911719202995300e-02 -1.341520214080810547e+01 1.776854324340820312e+01 -5.639390349388122559e-01
-1.020781230926513672e+01 -7.591304183006286621e-01 -2.866813838481903076e-01 -9.200672149658203125e+00 1.618891143798828125e+01 -2.791287899017333984e-01
-1.543466472625732422e+01 -6.989147663116455078e-01 -4.780523777008056641e-01 -7.651589393615722656e+00 1.497200489044189453e+01 -3.227370679378509521e-01
-2.146350097656250000e+01 -3.640214502811431885e-01 -6.729043722152709961e-01 -7.600873470306396484e+00 1.256928443908691406e+01 -2.101367563009262085e-01
-2.635647583007812500e+01 4.003167152404785156e-01 -8.608631491661071777e-01 -8.039712905883789062e+00 1.043139171600341797e+01 -1.561478227376937866e-01
-2.853281211853027344e+01 3.247982501983642578e+00 -9.812505841255187988e-01 -8.009121894836425781e+00 6.878927707672119141e+00 -1.173899173736572266e-01
-3.141000175476074219e+01 1.129376220703125000e+01 -1.451533675193786621e+00 -8.489058494567871094e+00 1.523309826850891113e+00 2.060731887817382812e+00
-3.063368225097656250e+01 1.598471641540527344e+01 -1.565458655357360840e+00 -7.554725170135498047e+00 -2.346366494894027710e-01 4.605847358703613281e+00
-2.581142997741699219e+01 1.921109962463378906e+01 -1.420904278755187988e+00 -6.479150295257568359e+00 -5.734596252441406250e-01 4.893304347991943359e+00
-1.885881996154785156e+01 2.010486030578613281e+01 -1.218654990196228027e+00 -6.951942443847656250e+00 -8.471029400825500488e-01 5.337567806243896484e+00
-1.262257957458496094e+01 2.089385604858398438e+01 -1.137612819671630859e+00 -9.511160850524902344e+00 -8.031187057495117188e-01 5.588381767272949219e+00
-7.715656280517578125e+00 1.942185974121093750e+01 -1.061732888221740723e+00 -1.694025421142578125e+01 -6.220139861106872559e-01 5.306545257568359375e+00
-5.654302120208740234e+00 1.808487892150878906e+01 -9.725006222724914551e-01 -2.205415725708007812e+01 -4.092853963375091553e-01 3.442335128784179688e+00
-3.032518625259399414e+00 1.479716873168945312e+01 -6.436108350753784180e-01 -2.696530723571777344e+01 -5.807614419609308243e-03 7.326807975769042969e-01
-5.681013464927673340e-01 1.068887519836425781e+01 -3.606907129287719727e-01 -3.139838027954101562e+01 4.868322372436523438e+00 -1.873501539230346680e-01
1.302136421203613281e+01 6.179916381835937500e+00 -1.599651575088500977e-01 -3.408934020996093750e+01 1.060226154327392578e+01 -3.120166063308715820e-01
2.470347785949707031e+01 -2.520890347659587860e-02 4.273573756217956543e-01 -3.366889190673828125e+01 1.621452331542968750e+01 -4.821442663669586182e-01
2.152443885803222656e+01 -3.304552733898162842e-01 2.326040029525756836e+00 -3.112215614318847656e+01 1.874676895141601562e+01 -7.049720287322998047e-01
6.182900905609130859e+00 -6.192862987518310547e-01 3.685950040817260742e+00 -2.881632423400878906e+01 2.209850692749023438e+01 -6.648507118225097656e-01
-2.480776071548461914e+00 -8.163005709648132324e-01 2.936204671859741211e+00 -2.569302177429199219e+01 2.295836257934570312e+01 -4.305600821971893311e-01
-5.756191253662109375e+00 -7.218102812767028809e-01 2.588189840316772461e+00 -2.219145774841308594e+01 2.246076202392578125e+01 -2.321098893880844116e-01
-1.165209102630615234e+01 -7.012416720390319824e-01 1.629266500473022461e+00 -1.269830226898193359e+01 2.194087028503417969e+01 -3.419913947582244873e-01
-1.671477699279785156e+01 -6.308944225311279297e-01 -9.329348802566528320e-03 -8.763529777526855469e+00 2.129276657104492188e+01 -3.768137395381927490e-01
-2.146628379821777344e+01 -5.182068943977355957e-01 -2.048109322786331177e-01 -6.326867580413818359e+00 2.040164947509765625e+01 -2.930362224578857422e-01
-2.575075340270996094e+01 -1.928905993700027466e-01 -3.479897677898406982e-01 -4.429222106933593750e+00 1.811887931823730469e+01 -2.215410917997360229e-01
-2.772104263305664062e+01 2.839466571807861328e+00 -4.346822202205657959e-01 -2.649943113327026367e+00 1.521722507476806641e+01 -8.965013176202774048e-02
-2.970390129089355469e+01 6.771651744842529297e+00 -7.368355393409729004e-01 -4.727084636688232422e+00 1.128158092498779297e+01 1.207821846008300781e+00
-2.923055839538574219e+01 1.193691635131835938e+01 -8.313774466514587402e-01 -4.697870731353759766e+00 7.469381809234619141e+00 4.631850719451904297e+00
-2.649616813659667969e+01 1.581459236145019531e+01 -8.091306686401367188e-01 -3.880378007888793945e+00 2.000274181365966797e+00 6.044994354248046875e+00
-2.144152259826660156e+01 1.883463478088378906e+01 -6.450895667076110840e-01 -4.723596096038818359e+00 -1.440130323171615601e-01 6.883764266967773438e+00
-1.576208782196044922e+01 1.941957473754882812e+01 -6.352314352989196777e-01 -7.710209846496582031e+00 -3.529984652996063232e-01 6.005519866943359375e+00
-8.478319168090820312e+00 1.780795097351074219e+01 -7.051805257797241211e-01 -1.404524898529052734e+01 -4.122636020183563232e-01 5.956028938293457031e+00
-6.157078742980957031e+00 1.689760971069335938e+01 -6.164585947990417480e-01 -1.829284667968750000e+01 -3.892168700695037842e-01 3.935029029846191406e+00
-4.115288734436035156e+00 1.465949440002441406e+01 -5.276314616203308105e-01 -2.292288780212402344e+01 -8.633179962635040283e-02 1.930087327957153320e+00
-2.443378210067749023e+00 1.181697654724121094e+01 -5.083062052726745605e-01 -2.686564636230468750e+01 3.020812511444091797e+00 4.355990886688232422e-01
-9.841161966323852539e-01 7.781907558441162109e+00 -3.955842256546020508e-01 -2.884552574157714844e+01 7.426642894744873047e+00 -5.728793144226074219e-02
-5.562285184860229492e-01 3.910434246063232422e+00 -5.527051165699958801e-02 -2.726168632507324219e+01 1.208975124359130859e+01 -1.623442471027374268e-01
-8.109068274497985840e-01 4.136114120483398438e-01 3.340851664543151855e-01 -2.636166954040527344e+01 1.540563488006591797e+01 -2.685000598430633545e-01
-1.728924393653869629e+00 -3.026578128337860107e-01 1.355585813522338867e+00 -2.536315917968750000e+01 1.859458923339843750e+01 -3.793380856513977051e-01
-3.349117994308471680e+00 -5.210177302360534668e-01 1.016183614730834961e+00 -2.314027976989746094e+01 2.054334640502929688e+01 -4.907267689704895020e-01
-4.589149475097656250e+00 -6.583120226860046387e-01 1.191022634506225586e+00 -2.018678092956542969e+01 2.114416503906250000e+01 -4.934907853603363037e-01
-8.447364807128906250e+00 -6.918521523475646973e-01 -4.310186579823493958e-02 -1.614546394348144531e+01 2.005436515808105469e+01 -2.653173506259918213e-01
-1.267954349517822266e+01 -6.374603509902954102e-01 -1.636210232973098755e-01 -1.419776344299316406e+01 2.009738922119140625e+01 -1.540990173816680908e-01
-1.732392501831054688e+01 -4.771179258823394775e-01 -3.816567361354827881e-01 -1.288569355010986328e+01 1.905273437500000000e+01 -1.558651477098464966e-01
-2.148236465454101562e+01 -1.667315512895584106e-01 -5.684931874275207520e-01 -1.160942459106445312e+01 1.754112434387207031e+01 -1.929019689559936523e-01
-2.315653610229492188e+01 9.752669334411621094e-01 -6.852307319641113281e-01 -1.019487571716308594e+01 1.466153812408447266e+01 -1.824101954698562622e-01
-2.491927146911621094e+01 6.460093975067138672e+00 -1.286897420883178711e+00 -7.472297191619873047e+00 1.102482700347900391e+01 1.739115715026855469e-01
-2.687975883483886719e+01 1.014429092407226562e+01 -1.204709410667419434e+00 -6.195460796356201172e+00 7.996423244476318359e+00 2.032991886138916016e+00
-2.503226470947265625e+01 1.412781906127929688e+01 -1.014655351638793945e+00 -5.293208599090576172e+00 4.486877918243408203e+00 3.390318393707275391e+00
-2.176059532165527344e+01 1.657210159301757812e+01 -9.664249420166015625e-01 -5.018463134765625000e+00 1.456462740898132324e+00 3.969032287597656250e+00
-1.818124961853027344e+01 1.871981811523437500e+01 -9.049385190010070801e-01 -4.706424236297607422e+00 -2.054690420627593994e-01 5.031370162963867188e+00
-1.342442512512207031e+01 2.141851234436035156e+01 -9.539391398429870605e-01 -1.073101711273193359e+01 -3.251617848873138428e-01 3.961026668548583984e+00
-1.196316051483154297e+01 1.943875694274902344e+01 -1.006518483161926270e+00 -1.489921855926513672e+01 -1.586865633726119995e-01 2.662431716918945312e+00
-1.135326290130615234e+01 1.750095558166503906e+01 -9.452716112136840820e-01 -1.772525978088378906e+01 2.099344730377197266e+00 1.680613040924072266e+00
-1.104138565063476562e+01 1.407954406738281250e+01 -7.148700356483459473e-01 -1.909383392333984375e+01 5.494711399078369141e+00 8.632206916809082031e-01
-1.049011421203613281e+01 1.075513076782226562e+01 -4.854059219360351562e-01 -1.811609077453613281e+01 9.789671897888183594e+00 7.044043540954589844e-01
