-6.682795047760009766e+00 9.489629745483398438e+00 1.184711837768554688e+01 -1.241795539855957031e+01 3.212973022460937500e+01 3.060843467712402344e+00
-6.653424739837646484e+00 8.113422393798828125e+00 1.130850887298583984e+01 -1.774511337280273438e+01 3.239458084106445312e+01 5.684111118316650391e-01
-9.957053184509277344e+00 6.511778354644775391e+00 9.154841423034667969e+00 -2.341229438781738281e+01 3.310783386230468750e+01 -2.648433744907379150e-01
-1.658267593383789062e+01 8.366765975952148438e+00 5.801638126373291016e+00 -2.587954521179199219e+01 3.322180175781250000e+01 3.387546539306640625e-01
-2.460065269470214844e+01 1.213227462768554688e+01 2.070790052413940430e+00 -2.568688964843750000e+01 3.286600494384765625e+01 2.258942365646362305e+00
-3.392424774169921875e+01 1.674308204650878906e+01 -1.397913694381713867e-02 -2.454313278198242188e+01 3.023660659790039062e+01 3.657028198242187500e+00
-3.801666641235351562e+01 2.183345985412597656e+01 -1.243437752127647400e-01 -2.131385040283203125e+01 2.874881362915039062e+01 5.411792755126953125e+00
-3.997171401977539062e+01 2.549605369567871094e+01 6.173263192176818848e-01 -1.818168830871582031e+01 2.624427795410156250e+01 6.530321121215820312e+00
-3.792657852172851562e+01 2.885743904113769531e+01 2.880666971206665039e+00 -1.563933849334716797e+01 2.398611068725585938e+01 7.470724105834960938e+00
-3.217322921752929688e+01 3.058418846130371094e+01 3.578526735305786133e+00 -1.370408344268798828e+01 2.200295639038085938e+01 8.894576072692871094e+00
-2.640797233581542969e+01 2.994062995910644531e+01 5.695611476898193359e+00 -1.205143928527832031e+01 1.924690628051757812e+01 9.249659538269042969e+00
-2.219601249694824219e+01 3.068795204162597656e+01 3.068536996841430664e+00 -1.309344768524169922e+01 1.822648620605468750e+01 1.090225410461425781e+01
-2.104099655151367188e+01 3.129760932922363281e+01 -2.701304666697978973e-02 -1.349877357482910156e+01 1.624581527709960938e+01 1.274931240081787109e+01
-2.101795959472656250e+01 3.193431663513183594e+01 -3.359837830066680908e-01 -1.539020824432373047e+01 1.489072513580322266e+01 1.298956966400146484e+01
-2.121533012390136719e+01 3.193767738342285156e+01 -3.948130011558532715e-01 -1.821010589599609375e+01 1.492891407012939453e+01 1.262876796722412109e+01
-1.940817832946777344e+01 3.094025230407714844e+01 -1.024087220430374146e-01 -2.200907707214355469e+01 1.313744354248046875e+01 9.765406608581542969e+00
-1.911292839050292969e+01 2.990044784545898438e+01 -3.017533384263515472e-02 -2.746865653991699219e+01 1.483710956573486328e+01 7.528589248657226562e+00
-1.804561805725097656e+01 2.943786239624023438e+01 4.382616877555847168e-01 -3.060079765319824219e+01 1.764636993408203125e+01 8.140195846557617188e+00
-1.596799659729003906e+01 2.688242721557617188e+01 1.506137609481811523e+00 -3.216212081909179688e+01 2.095501708984375000e+01 8.139449119567871094e+00
-1.341321468353271484e+01 2.274637222290039062e+01 3.488098859786987305e+00 -3.207177352905273438e+01 2.354334259033203125e+01 7.562106132507324219e+00
-1.170240592956542969e+01 2.078884124755859375e+01 3.047933340072631836e+00 -3.191138076782226562e+01 2.588087463378906250e+01 5.797436714172363281e+00
-1.178087425231933594e+01 1.877433586120605469e+01 3.148970365524291992e+00 -3.264344787597656250e+01 2.813294792175292969e+01 3.233177185058593750e+00
-1.201845169067382812e+01 1.719912147521972656e+01 3.228970289230346680e+00 -3.389987182617187500e+01 3.086387252807617188e+01 2.098293304443359375e+00
-1.363871955871582031e+01 1.509729194641113281e+01 3.463963270187377930e+00 -3.516721725463867188e+01 3.254607772827148438e+01 7.632522583007812500e-01
-1.568418025970458984e+01 1.525932502746582031e+01 4.216528415679931641e+00 -3.513106918334960938e+01 3.398229217529296875e+01 1.028259277343750000e+00
-1.799853515625000000e+01 1.260614585876464844e+01 6.007192134857177734e+00 -3.101277732849121094e+01 3.429924011230468750e+01 2.006817817687988281e+00
-1.893119430541992188e+01 1.245315551757812500e+01 5.500274181365966797e+00 -2.718627738952636719e+01 3.425494384765625000e+01 2.148250579833984375e+00
-1.959093475341796875e+01 1.203437042236328125e+01 4.972855091094970703e+00 -2.355313873291015625e+01 3.418960571289062500e+01 2.515512466430664062e+00
-2.081153106689453125e+01 1.262216949462890625e+01 4.264557838439941406e+00 -2.132942962646484375e+01 3.327539443969726562e+01 2.135238647460937500e+00
-2.368302726745605469e+01 1.564413070678710938e+01 3.601825475692749023e+00 -2.039872550964355469e+01 3.267045211791992188e+01 2.864240646362304688e+00
-2.960452079772949219e+01 1.944659042358398438e+01 2.022428274154663086e+00 -1.394362640380859375e+01 2.845269012451171875e+01 5.942015647888183594e+00
-3.309951400756835938e+01 2.177100563049316406e+01 1.836623907089233398e+00 -1.233941555023193359e+01 2.591437149047851562e+01 6.583393096923828125e+00
-3.568195724487304688e+01 2.628353118896484375e+01 1.687593221664428711e+00 -1.203290653228759766e+01 2.244823837280273438e+01 8.076592445373535156e+00
-3.661471176147460938e+01 2.933218574523925781e+01 6.115242838859558105e-01 -1.211722087860107422e+01 1.927322959899902344e+01 8.635530471801757812e+00
-3.752196884155273438e+01 3.231919860839843750e+01 -3.781616687774658203e-04 -1.395089912414550781e+01 1.560254764556884766e+01 8.858754158020019531e+00
-3.394738388061523438e+01 3.388322448730468750e+01 1.013364553451538086e+00 -1.633435630798339844e+01 1.384850025177001953e+01 9.138648033142089844e+00
-3.162920951843261719e+01 3.436766815185546875e+01 4.722830653190612793e-01 -1.698441886901855469e+01 1.447854328155517578e+01 9.474779129028320312e+00
-2.966066551208496094e+01 3.463701248168945312e+01 -6.534608453512191772e-02 -1.690352821350097656e+01 1.543342494964599609e+01 1.004085922241210938e+01
-2.756554985046386719e+01 3.297617721557617188e+01 -7.187587209045886993e-03 -1.594180774688720703e+01 1.615639114379882812e+01 1.044813346862792969e+01
-2.569734764099121094e+01 3.109501838684082031e+01 8.797518610954284668e-01 -1.584216213226318359e+01 1.726244544982910156e+01 1.104417991638183594e+01
-2.271470642089843750e+01 3.552078247070312500e+01 -9.849942475557327271e-02 -2.124797439575195312e+01 1.484838581085205078e+01 8.858781814575195312e+00
-1.883803749084472656e+01 3.410795593261718750e+01 1.367757558822631836e+00 -2.411396408081054688e+01 1.486149883270263672e+01 6.672275543212890625e+00
-1.503035449981689453e+01 3.274158096313476562e+01 3.794684171676635742e+00 -2.786945533752441406e+01 1.700175476074218750e+01 6.246440410614013672e+00
-1.256617450714111328e+01 2.951507377624511719e+01 5.157413959503173828e+00 -2.976903343200683594e+01 2.014952468872070312e+01 8.487668991088867188e+00
-1.132551097869873047e+01 2.543252372741699219e+01 6.059534549713134766e+00 -2.949960708618164062e+01 2.456365966796875000e+01 9.620546340942382812e+00
-1.089813899993896484e+01 2.115709495544433594e+01 4.905273914337158203e+00 -3.294969177246093750e+01 2.845291328430175781e+01 8.711240768432617188e+00
-1.144280147552490234e+01 2.040636253356933594e+01 6.574786663055419922e+00 -3.590699005126953125e+01 3.050755882263183594e+01 8.027803421020507812e+00
-1.140919113159179688e+01 2.038591957092285156e+01 7.720271587371826172e+00 -3.727901458740234375e+01 3.216653442382812500e+01 6.650516986846923828e+00
-1.057627677917480469e+01 1.912452507019042969e+01 8.702214241027832031e+00 -3.713867187500000000e+01 3.366483306884765625e+01 4.744902133941650391e+00
-9.967728614807128906e+00 1.717257881164550781e+01 9.197926521301269531e+00 -3.618513107299804688e+01 3.467198562622070312e+01 4.322849750518798828e+00
-1.087631607055664062e+01 1.091520118713378906e+01 8.730801582336425781e+00 -3.202458953857421875e+01 4.009450531005859375e+01 2.087917327880859375e-01
-1.527572917938232422e+01 1.013767242431640625e+01 8.100477218627929688e+00 -2.717877578735351562e+01 4.004887008666992188e+01 7.101430892944335938e-01
-2.057644271850585938e+01 1.037768936157226562e+01 6.514060497283935547e+00 -2.383969306945800781e+01 3.930285263061523438e+01 2.293480873107910156e+00
-2.617925834655761719e+01 1.311034202575683594e+01 4.282966613769531250e+00 -2.014291572570800781e+01 3.693680953979492188e+01 5.054265022277832031e+00
-3.044537734985351562e+01 1.728082275390625000e+01 3.191490888595581055e+00 -1.700333595275878906e+01 3.305038070678710938e+01 6.765517234802246094e+00
-3.580968093872070312e+01 2.345851707458496094e+01 4.896132349967956543e-01 -1.362565803527832031e+01 2.787417602539062500e+01 7.315330505371093750e+00
-3.686988449096679688e+01 2.605687522888183594e+01 -3.068858385086059570e-01 -1.255875301361083984e+01 2.487179565429687500e+01 7.617910385131835938e+00
-3.850074005126953125e+01 2.890038490295410156e+01 -6.055346131324768066e-01 -1.234707736968994141e+01 2.298875045776367188e+01 8.818719863891601562e+00
-4.019457626342773438e+01 3.198714256286621094e+01 -7.250433564186096191e-01 -1.432421779632568359e+01 2.110931587219238281e+01 9.811826705932617188e+00
-4.078174972534179688e+01 3.532852172851562500e+01 -7.615038752555847168e-01 -1.543165779113769531e+01 2.029132461547851562e+01 1.118500328063964844e+01
-3.566120529174804688e+01 4.182775878906250000e+01 -6.488472819328308105e-01 -1.828941917419433594e+01 1.228732776641845703e+01 1.299488925933837891e+01
-2.993111228942871094e+01 4.202704620361328125e+01 -5.146796107292175293e-01 -1.783017730712890625e+01 1.133496570587158203e+01 1.491494560241699219e+01
-2.608928298950195312e+01 4.102032470703125000e+01 -2.881924808025360107e-01 -1.764379692077636719e+01 1.098632907867431641e+01 1.327003383636474609e+01
-2.430252647399902344e+01 3.943775939941406250e+01 -1.486182063817977905e-01 -1.925183868408203125e+01 1.144656085968017578e+01 1.173066425323486328e+01
-2.385790443420410156e+01 3.672516632080078125e+01 -1.110519692301750183e-01 -2.246612739562988281e+01 1.402215003967285156e+01 9.298250198364257812e+00
-1.751223564147949219e+01 3.376340103149414062e+01 -1.925624161958694458e-01 -2.384708976745605469e+01 1.385337448120117188e+01 1.175172424316406250e+01
-1.437374782562255859e+01 3.318110656738281250e+01 -5.292895436286926270e-02 -2.754245376586914062e+01 1.516639804840087891e+01 9.170207977294921875e+00
-1.261468124389648438e+01 3.099967384338378906e+01 1.491962194442749023e+00 -3.126654052734375000e+01 1.802329063415527344e+01 6.497995376586914062e+00
-1.046825027465820312e+01 2.793143844604492188e+01 2.056809186935424805e+00 -3.529167938232421875e+01 2.138997650146484375e+01 5.032732009887695312e+00
-9.538089752197265625e+00 2.477923774719238281e+01 3.039780378341674805e+00 -3.807831573486328125e+01 2.541800308227539062e+01 4.886152267456054688e+00
-1.217291450500488281e+01 2.205104637145996094e+01 5.616361141204833984e+00 -4.134951400756835938e+01 3.350061798095703125e+01 -1.821835488080978394e-01
-1.083335113525390625e+01 1.904209899902343750e+01 7.797985553741455078e+00 -4.145885467529296875e+01 3.837116241455078125e+01 -2.334536612033843994e-01
-9.149806022644042969e+00 1.579947090148925781e+01 9.294249534606933594e+00 -3.932131958007812500e+01 4.154425048828125000e+01 -1.204863563179969788e-01
-7.866973876953125000e+00 1.315558052062988281e+01 9.602455139160156250e+00 -3.482950973510742188e+01 4.292172622680664062e+01 3.115072250366210938e-01
-8.191617012023925781e+00 1.141698837280273438e+01 9.272742271423339844e+00 -3.014084243774414062e+01 4.253927993774414062e+01 1.705744743347167969e+00
-1.523577308654785156e+01 9.246368408203125000e+00 1.259405994415283203e+01 -2.205125999450683594e+01 4.302468872070312500e+01 2.363841056823730469e+00
-1.699255180358886719e+01 8.453859329223632812e+00 1.127923202514648438e+01 -1.796769523620605469e+01 4.323999404907226562e+01 2.420821189880371094e+00
-2.059837341308593750e+01 6.964804172515869141e+00 7.684130191802978516e+00 -1.712350082397460938e+01 4.065013885498046875e+01 1.643790245056152344e+00
-2.610194969177246094e+01 1.070771408081054688e+01 4.968290805816650391e+00 -1.801492691040039062e+01 3.893421936035156250e+01 -1.268243789672851562e-02
-3.111059951782226562e+01 1.447790527343750000e+01 2.166088819503784180e+00 -2.009750938415527344e+01 3.603912353515625000e+01 -8.344965428113937378e-02
-3.734873580932617188e+01 2.220703506469726562e+01 2.129338026046752930e+00 -1.955354118347167969e+01 3.233362579345703125e+01 3.671486854553222656e+00
-4.070869827270507812e+01 2.593650436401367188e+01 -3.362897038459777832e-02 -1.685862350463867188e+01 2.917949485778808594e+01 7.494605064392089844e+00
-4.163589859008789062e+01 2.989015388488769531e+01 -1.822777986526489258e-01 -1.328353786468505859e+01 2.574151992797851562e+01 1.015855312347412109e+01
-4.108876037597656250e+01 3.234083175659179688e+01 -1.185414567589759827e-01 -9.879053115844726562e+00 2.191564559936523438e+01 9.433840751647949219e+00
-3.947862243652343750e+01 3.587570953369140625e+01 -1.595162600278854370e-01 -8.771243095397949219e+00 1.851940727233886719e+01 1.013996982574462891e+01
-2.917125511169433594e+01 3.815712738037109375e+01 -2.182936966419219971e-01 -1.089841079711914062e+01 1.287770080566406250e+01 1.408331775665283203e+01
-2.573536682128906250e+01 3.972965621948242188e+01 -1.935239136219024658e-01 -1.239318370819091797e+01 1.050992965698242188e+01 1.342923831939697266e+01
-2.292115783691406250e+01 4.054608917236328125e+01 -2.148387283086776733e-01 -1.551653003692626953e+01 9.510717391967773438e+00 1.322137928009033203e+01
-2.025321960449218750e+01 3.999358367919921875e+01 -9.512703865766525269e-02 -1.917745780944824219e+01 1.022879886627197266e+01 1.190672683715820312e+01
-1.941979408264160156e+01 3.874487686157226562e+01 9.769465327262878418e-01 -2.293267631530761719e+01 1.261543846130371094e+01 1.046792411804199219e+01
-1.524118041992187500e+01 3.802005004882812500e+01 -7.581504434347152710e-02 -2.894823265075683594e+01 1.374785423278808594e+01 1.048005104064941406e+01
-1.419473266601562500e+01 3.520935821533203125e+01 2.207953333854675293e-01 -3.470746612548828125e+01 1.602944946289062500e+01 8.037378311157226562e+00
-1.219972419738769531e+01 3.307434082031250000e+01 2.354620695114135742e+00 -3.843558502197265625e+01 2.031870651245117188e+01 7.422885894775390625e+00
-9.706784248352050781e+00 2.768045043945312500e+01 3.595930814743041992e+00 -4.050550460815429688e+01 2.494108390808105469e+01 4.545939922332763672e+00
-7.911210536956787109e+00 2.340772628784179688e+01 5.373157978057861328e+00 -3.991657638549804688e+01 2.938554191589355469e+01 3.516221523284912109e+00
-9.541263580322265625e+00 1.936262702941894531e+01 8.510649681091308594e+00 -4.004624938964843750e+01 3.777877044677734375e+01 5.283380508422851562e+00
-9.369672775268554688e+00 1.505802536010742188e+01 1.076589679718017578e+01 -3.729073333740234375e+01 3.834508895874023438e+01 3.492390632629394531e+00
-9.853737831115722656e+00 1.310166549682617188e+01 1.123010540008544922e+01 -3.269240951538085938e+01 3.995325851440429688e+01 2.797241210937500000e+00
-1.032315349578857422e+01 1.074309349060058594e+01 1.129327201843261719e+01 -2.967495536804199219e+01 3.941775131225585938e+01 1.871079444885253906e+00
-1.191847801208496094e+01 1.080038452148437500e+01 1.185013484954833984e+01 -2.970798683166503906e+01 3.868850708007812500e+01 -1.445432156324386597e-01
-2.295129013061523438e+01 1.236722183227539062e+01 1.069601631164550781e+01 -2.690201187133789062e+01 4.176362991333007812e+01 -5.166134983301162720e-02
-2.526312065124511719e+01 1.234571075439453125e+01 9.613848686218261719e+00 -2.142350578308105469e+01 4.053560638427734375e+01 1.289101123809814453e+00
-2.735816955566406250e+01 1.457653427124023438e+01 7.741662502288818359e+00 -1.612395668029785156e+01 3.763461685180664062e+01 3.921620845794677734e+00
-2.961752700805664062e+01 1.738490867614746094e+01 5.631947040557861328e+00 -1.210621452331542969e+01 3.367020797729492188e+01 4.507452011108398438e+00
-3.190180969238281250e+01 2.039233398437500000e+01 3.292567014694213867e+00 -1.004120254516601562e+01 2.939348220825195312e+01 4.981214523315429688e+00
-3.494406127929687500e+01 2.389434051513671875e+01 7.269627451896667480e-01 -1.213054943084716797e+01 2.511564445495605469e+01 6.251034259796142578e+00
-3.635673141479492188e+01 2.741976356506347656e+01 -1.791332513093948364e-01 -1.177114105224609375e+01 2.295118713378906250e+01 8.316017150878906250e+00
-3.710208511352539062e+01 3.114445686340332031e+01 -4.668372571468353271e-01 -1.174988746643066406e+01 1.945071792602539062e+01 9.828699111938476562e+00
-3.637189102172851562e+01 3.462959671020507812e+01 -6.067904829978942871e-01 -1.184628677368164062e+01 1.648432159423828125e+01 1.255607604980468750e+01
-3.617568206787109375e+01 3.876698303222656250e+01 -7.186244726181030273e-01 -1.256058597564697266e+01 1.405844020843505859e+01 1.418231964111328125e+01
-3.236707687377929688e+01 4.198203659057617188e+01 -1.038659930229187012e+00 -1.774169731140136719e+01 1.019298171997070312e+01 1.506785774230957031e+01
-2.992163467407226562e+01 4.186024093627929688e+01 -7.867318987846374512e-01 -1.982224655151367188e+01 9.553951263427734375e+00 1.481620597839355469e+01
-2.642295646667480469e+01 4.030340957641601562e+01 -4.478442370891571045e-01 -2.134004020690917969e+01 1.073739624023437500e+01 1.311961650848388672e+01
-2.305237960815429688e+01 3.747388076782226562e+01 -1.584358066320419312e-01 -2.286400604248046875e+01 1.279643154144287109e+01 1.186568450927734375e+01
-1.949729156494140625e+01 3.444617080688476562e+01 5.612985491752624512e-01 -2.420369720458984375e+01 1.583989810943603516e+01 1.009145545959472656e+01
-1.500578498840332031e+01 3.182530403137207031e+01 2.756381750106811523e+00 -2.994628906250000000e+01 1.820903968811035156e+01 7.307056427001953125e+00
-1.059968852996826172e+01 2.851047325134277344e+01 3.721902608871459961e+00 -3.452488327026367188e+01 2.170418167114257812e+01 6.719640731811523438e+00
-9.244378089904785156e+00 2.439679336547851562e+01 4.285467624664306641e+00 -3.784650802612304688e+01 2.588343429565429688e+01 5.005568027496337891e+00
-8.716037750244140625e+00 2.002149009704589844e+01 6.157106876373291016e+00 -4.039824676513671875e+01 3.097214508056640625e+01 4.693735599517822266e+00
-9.400424957275390625e+00 1.496852302551269531e+01 7.503242969512939453e+00 -4.137596511840820312e+01 3.614790344238281250e+01 3.155092239379882812e+00
-9.418514251708984375e+00 1.361664390563964844e+01 1.106989479064941406e+01 -3.770262908935546875e+01 3.765704727172851562e+01 3.346740245819091797e+00
-6.315078258514404297e+00 1.070039749145507812e+01 1.166705226898193359e+01 -3.372905731201171875e+01 4.081732940673828125e+01 4.422277450561523438e+00
-5.735231876373291016e+00 7.310798168182373047e+00 1.018546390533447266e+01 -2.904852867126464844e+01 4.126137161254882812e+01 5.275097370147705078e+00
-7.593703746795654297e+00 6.818284511566162109e+00 9.597519874572753906e+00 -2.410416793823242188e+01 4.122112655639648438e+01 5.073423385620117188e+00
-1.077351951599121094e+01 6.402865409851074219e+00 8.660040855407714844e+00 -2.116176414489746094e+01 3.950291824340820312e+01 4.195764541625976562e+00
-1.777714729309082031e+01 7.334493160247802734e+00 9.045346260070800781e+00 -1.898857879638671875e+01 3.811803054809570312e+01 -7.009744644165039062e-02
-2.457763290405273438e+01 9.815982818603515625e+00 6.479009151458740234e+00 -1.873915672302246094e+01 3.686592102050781250e+01 5.178947448730468750e-01
-3.092122459411621094e+01 1.339239883422851562e+01 4.398218631744384766e+00 -1.814937591552734375e+01 3.531149291992187500e+01 1.908906936645507812e+00
-3.417158126831054688e+01 1.769441413879394531e+01 3.158636808395385742e+00 -1.776619338989257812e+01 3.245649719238281250e+01 3.331546783447265625e+00
-3.509752655029296875e+01 2.226305198669433594e+01 2.193434476852416992e+00 -1.647347640991210938e+01 2.921080970764160156e+01 4.359447479248046875e+00
-3.747296905517578125e+01 2.415058326721191406e+01 1.634811162948608398e+00 -1.238016414642333984e+01 2.509411811828613281e+01 6.983644485473632812e+00
-3.830280303955078125e+01 2.728454971313476562e+01 1.400594949722290039e+00 -1.157128715515136719e+01 2.357103347778320312e+01 8.794477462768554688e+00
-3.675790786743164062e+01 2.987869644165039062e+01 1.704927206039428711e+00 -9.676068305969238281e+00 2.016315460205078125e+01 9.876582145690917969e+00
-3.396935653686523438e+01 3.317898178100585938e+01 1.903559923171997070e+00 -8.573218345642089844e+00 1.734528923034667969e+01 1.103006553649902344e+01
-3.211806106567382812e+01 3.473842239379882812e+01 2.264931440353393555e+00 -8.897725105285644531e+00 1.418413829803466797e+01 1.198297691345214844e+01
-2.465266036987304688e+01 3.551619338989257812e+01 8.143269419670104980e-01 -1.269052314758300781e+01 1.328535747528076172e+01 1.274969291687011719e+01
-2.181587409973144531e+01 3.542806625366210938e+01 1.000507116317749023e+00 -1.546506977081298828e+01 1.305579280853271484e+01 1.204648876190185547e+01
-1.921312522888183594e+01 3.442160797119140625e+01 2.219902873039245605e-01 -2.004371452331542969e+01 1.432283115386962891e+01 9.451818466186523438e+00
-1.876382255554199219e+01 3.230754089355468750e+01 2.068312406539916992e+00 -2.490293693542480469e+01 1.682995033264160156e+01 7.373624801635742188e+00
-1.775644111633300781e+01 2.934469413757324219e+01 2.978218793869018555e+00 -2.920793724060058594e+01 2.141603851318359375e+01 5.925359725952148438e+00
-1.801020240783691406e+01 2.880286216735839844e+01 3.362196683883666992e+00 -3.693535614013671875e+01 2.490806579589843750e+01 5.140924453735351562e+00
-1.484585857391357422e+01 2.794697189331054688e+01 4.412830829620361328e+00 -3.625806808471679688e+01 2.557666015625000000e+01 5.078428268432617188e+00
-1.163343715667724609e+01 2.669067764282226562e+01 5.708914756774902344e+00 -3.529974746704101562e+01 2.803990554809570312e+01 5.482985496520996094e+00
-9.599909782409667969e+00 2.314419937133789062e+01 7.740993976593017578e+00 -3.382042694091796875e+01 2.959569931030273438e+01 5.098954200744628906e+00
-9.249467849731445312e+00 2.069601058959960938e+01 8.465111732482910156e+00 -3.223900985717773438e+01 3.226679992675781250e+01 5.625822067260742188e+00
-8.073725700378417969e+00 1.517938995361328125e+01 1.198444366455078125e+01 -3.067813682556152344e+01 3.617254638671875000e+01 6.081381797790527344e+00
-8.365360260009765625e+00 1.325365257263183594e+01 1.226735401153564453e+01 -2.778147315979003906e+01 3.690823364257812500e+01 4.591850280761718750e+00
-9.959125518798828125e+00 1.336824417114257812e+01 1.204644775390625000e+01 -2.583133316040039062e+01 3.709605789184570312e+01 4.738401889801025391e+00
-1.271970272064208984e+01 1.369767761230468750e+01 1.045192432403564453e+01 -2.428625679016113281e+01 3.685928726196289062e+01 4.305632591247558594e+00
-1.612541198730468750e+01 1.424912071228027344e+01 8.636525154113769531e+00 -2.297538566589355469e+01 3.527732467651367188e+01 4.281878471374511719e+00
-2.386879730224609375e+01 1.505721855163574219e+01 6.442286968231201172e+00 -2.426959991455078125e+01 3.901037979125976562e+01 2.987604141235351562e+00
-2.836444473266601562e+01 1.673320960998535156e+01 5.677785396575927734e+00 -2.303066825866699219e+01 3.827837371826171875e+01 2.604203701019287109e+00
-3.213659286499023438e+01 1.849682235717773438e+01 5.929896831512451172e+00 -2.148604774475097656e+01 3.652108383178710938e+01 3.379849910736083984e+00
-3.361690902709960938e+01 2.168545150756835938e+01 4.325598239898681641e+00 -2.025616264343261719e+01 3.385703659057617188e+01 5.316431045532226562e+00
-3.312861633300781250e+01 2.559926223754882812e+01 3.579365968704223633e+00 -2.001840400695800781e+01 3.112661361694335938e+01 7.010666847229003906e+00
-3.111611366271972656e+01 2.881777000427246094e+01 3.989363431930541992e+00 -1.526371955871582031e+01 2.854585266113281250e+01 8.115447998046875000e+00
-3.079302024841308594e+01 3.076954078674316406e+01 3.555525541305541992e+00 -1.267152786254882812e+01 2.677812576293945312e+01 1.016846847534179688e+01
-2.907344436645507812e+01 3.151868629455566406e+01 3.758492231369018555e+00 -1.057449913024902344e+01 2.390991592407226562e+01 1.025916767120361328e+01
-2.675445365905761719e+01 3.254623031616210938e+01 3.213902235031127930e+00 -1.101572322845458984e+01 2.148026657104492188e+01 1.027892971038818359e+01
-2.571334266662597656e+01 3.395315170288085938e+01 1.715821027755737305e+00 -1.412646675109863281e+01 1.981979751586914062e+01 1.027147293090820312e+01
-2.654449272155761719e+01 3.523600769042968750e+01 -1.640553772449493408e-01 -1.983192062377929688e+01 1.845263671875000000e+01 9.133499145507812500e+00
-2.535664939880371094e+01 3.584021377563476562e+01 -1.016688570380210876e-01 -2.171764945983886719e+01 1.758710861206054688e+01 8.751621246337890625e+00
-2.303666687011718750e+01 3.442713546752929688e+01 9.007231593132019043e-01 -2.490556716918945312e+01 1.784244155883789062e+01 7.636560440063476562e+00
-2.156451797485351562e+01 3.336222839355468750e+01 2.408402204513549805e+00 -2.781856346130371094e+01 1.854985046386718750e+01 7.926525115966796875e+00
-2.015308570861816406e+01 3.230212020874023438e+01 3.029520750045776367e+00 -3.000262832641601562e+01 2.089753150939941406e+01 8.577610015869140625e+00
-1.661397933959960938e+01 2.993811607360839844e+01 2.310497999191284180e+00 -3.138560867309570312e+01 2.192561531066894531e+01 7.388307571411132812e+00
-1.556770229339599609e+01 2.764969444274902344e+01 3.589201688766479492e+00 -3.250175094604492188e+01 2.416389083862304688e+01 7.416318893432617188e+00
-1.338072109222412109e+01 2.456329917907714844e+01 4.650803089141845703e+00 -3.239393234252929688e+01 2.654832839965820312e+01 6.529572486877441406e+00
-1.155447006225585938e+01 2.186541557312011719e+01 5.858368396759033203e+00 -3.095436096191406250e+01 2.903623962402343750e+01 6.703651428222656250e+00
-1.089609050750732422e+01 1.982140922546386719e+01 6.918439388275146484e+00 -2.871391296386718750e+01 3.076361083984375000e+01 5.815353393554687500e+00
-1.435051918029785156e+01 1.559543800354003906e+01 7.263151645660400391e+00 -2.794337463378906250e+01 3.470619201660156250e+01 5.396001815795898438e+00
-1.479490375518798828e+01 1.601165580749511719e+01 6.502365589141845703e+00 -2.620351600646972656e+01 3.442604064941406250e+01 5.159203052520751953e+00
-1.769193840026855469e+01 1.671542167663574219e+01 5.878826618194580078e+00 -2.459673881530761719e+01 3.500691223144531250e+01 5.598986148834228516e+00
-2.026622962951660156e+01 1.716614532470703125e+01 6.120640277862548828e+00 -2.407795906066894531e+01 3.498357391357421875e+01 4.659641265869140625e+00
-2.077678298950195312e+01 1.730984878540039062e+01 6.173862934112548828e+00 -2.463714790344238281e+01 3.492639541625976562e+01 3.687473773956298828e+00
-2.624161148071289062e+01 2.006641578674316406e+01 4.479238986968994141e+00 -2.296238899230957031e+01 3.500429153442382812e+01 5.484148025512695312e+00
-2.944046974182128906e+01 2.075979423522949219e+01 4.364101886749267578e+00 -2.026043319702148438e+01 3.371173477172851562e+01 6.645415306091308594e+00
-3.007232475280761719e+01 2.214585304260253906e+01 4.686937808990478516e+00 -1.795643997192382812e+01 3.265213394165039062e+01 7.173921585083007812e+00
-2.968513870239257812e+01 2.348422050476074219e+01 3.954071760177612305e+00 -1.702962684631347656e+01 3.020812606811523438e+01 7.797578811645507812e+00
-2.846516990661621094e+01 2.622325325012207031e+01 3.522831678390502930e+00 -1.678142738342285156e+01 2.814575958251953125e+01 8.155014038085937500e+00
-2.769512367248535156e+01 2.882020759582519531e+01 1.749480485916137695e+00 -1.653744888305664062e+01 2.533273696899414062e+01 8.158330917358398438e+00
-2.867266845703125000e+01 3.075690269470214844e+01 1.166094541549682617e+00 -1.840714836120605469e+01 2.354974174499511719e+01 9.164339065551757812e+00
-2.762536430358886719e+01 3.206649017333984375e+01 2.200429677963256836e+00 -2.040627288818359375e+01 2.112292861938476562e+01 8.615203857421875000e+00
-2.466002273559570312e+01 3.373107910156250000e+01 2.787519216537475586e+00 -2.152033233642578125e+01 2.058217430114746094e+01 8.822633743286132812e+00
-2.008975601196289062e+01 3.281505966186523438e+01 3.472388029098510742e+00 -2.152478790283203125e+01 1.977642059326171875e+01 8.401722908020019531e+00
-1.866780662536621094e+01 3.080116081237792969e+01 4.381314277648925781e+00 -2.462512779235839844e+01 1.931236076354980469e+01 9.885270118713378906e+00
-1.820128822326660156e+01 3.000122261047363281e+01 5.447958469390869141e+00 -2.631305313110351562e+01 2.024856567382812500e+01 8.775197982788085938e+00
-1.691786193847656250e+01 2.827589988708496094e+01 6.795960903167724609e+00 -2.825356101989746094e+01 2.232448959350585938e+01 7.669653892517089844e+00
-1.596755981445312500e+01 2.721076774597167969e+01 6.909022331237792969e+00 -2.940362548828125000e+01 2.478128814697265625e+01 7.835077285766601562e+00
-1.365319538116455078e+01 2.434045982360839844e+01 7.462481975555419922e+00 -2.791529273986816406e+01 2.669852828979492188e+01 7.730928421020507812e+00
-1.108116149902343750e+01 2.126756668090820312e+01 5.233868598937988281e+00 -2.786991882324218750e+01 2.799861907958984375e+01 7.462696075439453125e+00
-1.361206531524658203e+01 1.828304100036621094e+01 6.620794296264648438e+00 -3.011351585388183594e+01 3.039350509643554688e+01 6.385582447052001953e+00
-1.573677730560302734e+01 1.736514472961425781e+01 7.920520305633544922e+00 -3.183938980102539062e+01 3.289151000976562500e+01 6.679825782775878906e+00
-1.776661872863769531e+01 1.638917732238769531e+01 7.605553150177001953e+00 -3.135066223144531250e+01 3.557475280761718750e+01 5.688191413879394531e+00
-1.744377326965332031e+01 1.368077278137207031e+01 7.797939777374267578e+00 -2.751375389099121094e+01 3.580312728881835938e+01 6.098192214965820312e+00
-1.978304481506347656e+01 1.546213150024414062e+01 6.468701839447021484e+00 -2.441894340515136719e+01 3.492470169067382812e+01 6.715420722961425781e+00
-2.134300994873046875e+01 1.663745117187500000e+01 5.794763088226318359e+00 -2.337192153930664062e+01 3.350479888916015625e+01 7.789764404296875000e+00
-2.192940139770507812e+01 1.749870872497558594e+01 5.266035556793212891e+00 -2.403629684448242188e+01 3.054752159118652344e+01 7.485459327697753906e+00
-2.233006858825683594e+01 1.966851806640625000e+01 5.363173961639404297e+00 -2.453774833679199219e+01 2.899053192138671875e+01 6.366489410400390625e+00
-2.214444351196289062e+01 1.978235816955566406e+01 5.754343509674072266e+00 -2.466208457946777344e+01 2.571648788452148438e+01 5.658480644226074219e+00
