-6.682165622711181641e+00 9.488273620605468750e+00 1.184730434417724609e+01 -1.241709423065185547e+01 3.212905120849609375e+01 3.060666084289550781e+00
-6.652871608734130859e+00 8.111671447753906250e+00 1.130879116058349609e+01 -1.774350166320800781e+01 3.239394760131835938e+01 5.683445930480957031e-01
-9.956803321838378906e+00 6.509800434112548828e+00 9.154958724975585938e+00 -2.341009140014648438e+01 3.310707855224609375e+01 -2.648351788520812988e-01
-1.658284378051757812e+01 8.364814758300781250e+00 5.801523208618164062e+00 -2.587709999084472656e+01 3.322090911865234375e+01 3.385884761810302734e-01
-2.460130310058593750e+01 1.213046455383300781e+01 2.070465803146362305e+00 -2.568449401855468750e+01 3.286487579345703125e+01 2.258544683456420898e+00
-3.392546844482421875e+01 1.674209022521972656e+01 -1.407933235168457031e-02 -2.454087257385253906e+01 3.023416328430175781e+01 3.656701087951660156e+00
-3.801813125610351562e+01 2.183299446105957031e+01 -1.244672089815139771e-01 -2.131210136413574219e+01 2.874584960937500000e+01 5.411540985107421875e+00
-3.997320938110351562e+01 2.549632453918457031e+01 6.161854863166809082e-01 -1.818057250976562500e+01 2.624085426330566406e+01 6.530033588409423828e+00
-3.792782211303710938e+01 2.885807228088378906e+01 2.879656553268432617e+00 -1.563880157470703125e+01 2.398249053955078125e+01 7.470495223999023438e+00
-3.217403793334960938e+01 3.058476829528808594e+01 3.577788114547729492e+00 -1.370393085479736328e+01 2.199914360046386719e+01 8.894391059875488281e+00
-2.640826797485351562e+01 2.994087409973144531e+01 5.695088863372802734e+00 -1.205172348022460938e+01 1.924374580383300781e+01 9.249569892883300781e+00
-2.219582557678222656e+01 3.068842124938964844e+01 3.068458795547485352e+00 -1.309366893768310547e+01 1.822323226928710938e+01 1.090228271484375000e+01
-2.103976631164550781e+01 3.129812049865722656e+01 -2.697346918284893036e-02 -1.349859905242919922e+01 1.624244689941406250e+01 1.274950981140136719e+01
-2.101560401916503906e+01 3.193460273742675781e+01 -3.359109163284301758e-01 -1.538957214355468750e+01 1.488730144500732422e+01 1.299005603790283203e+01
-2.121228981018066406e+01 3.193757820129394531e+01 -3.947276473045349121e-01 -1.820904350280761719e+01 1.492539310455322266e+01 1.262934589385986328e+01
-1.940446853637695312e+01 3.093936729431152344e+01 -1.023488268256187439e-01 -2.200792694091796875e+01 1.313459014892578125e+01 9.765786170959472656e+00
-1.910894584655761719e+01 2.989878845214843750e+01 -3.010972216725349426e-02 -2.746758079528808594e+01 1.483464908599853516e+01 7.528615951538085938e+00
-1.804202842712402344e+01 2.943538475036621094e+01 4.386088252067565918e-01 -3.060007286071777344e+01 1.764446258544921875e+01 8.139841079711914062e+00
-1.596531581878662109e+01 2.687953376770019531e+01 1.506231069564819336e+00 -3.216180801391601562e+01 2.095356750488281250e+01 8.138648986816406250e+00
-1.341145038604736328e+01 2.274340820312500000e+01 3.487978696823120117e+00 -3.207188034057617188e+01 2.354248046875000000e+01 7.560956001281738281e+00
-1.170182228088378906e+01 2.078675460815429688e+01 3.047478437423706055e+00 -3.191217422485351562e+01 2.588009834289550781e+01 5.796207427978515625e+00
-1.178054237365722656e+01 1.877224159240722656e+01 3.148525953292846680e+00 -3.264444732666015625e+01 2.813237190246582031e+01 3.232087135314941406e+00
-1.201813507080078125e+01 1.719694137573242188e+01 3.228756666183471680e+00 -3.390071487426757812e+01 3.086341094970703125e+01 2.097249031066894531e+00
-1.363812732696533203e+01 1.509507560729980469e+01 3.463871717453002930e+00 -3.516771316528320312e+01 3.254563522338867188e+01 7.625169754028320312e-01
-1.568316078186035156e+01 1.525703048706054688e+01 4.216452121734619141e+00 -3.513116836547851562e+01 3.398186111450195312e+01 1.027642250061035156e+00
-1.799747467041015625e+01 1.260375595092773438e+01 6.006924629211425781e+00 -3.101206779479980469e+01 3.429827499389648438e+01 2.006733894348144531e+00
-1.893052864074707031e+01 1.245087242126464844e+01 5.499962329864501953e+00 -2.718515014648437500e+01 3.425374603271484375e+01 2.148159980773925781e+00
-1.959074211120605469e+01 1.203252220153808594e+01 4.972262382507324219e+00 -2.355179405212402344e+01 3.418811416625976562e+01 2.515618324279785156e+00
-2.081185340881347656e+01 1.262073898315429688e+01 4.263782024383544922e+00 -2.132787895202636719e+01 3.327352905273437500e+01 2.135407447814941406e+00
-2.368367576599121094e+01 1.564314842224121094e+01 3.600995779037475586e+00 -2.039700889587402344e+01 3.266806793212890625e+01 2.864506721496582031e+00
-2.960572242736816406e+01 1.944661903381347656e+01 2.021667242050170898e+00 -1.394182300567626953e+01 2.844949913024902344e+01 5.942074298858642578e+00
-3.310093307495117188e+01 2.177146148681640625e+01 1.835695028305053711e+00 -1.233751583099365234e+01 2.591087722778320312e+01 6.583502292633056641e+00
-3.568342208862304688e+01 2.628435516357421875e+01 1.686642408370971680e+00 -1.203103160858154297e+01 2.244445419311523438e+01 8.076814651489257812e+00
-3.661606216430664062e+01 2.933340835571289062e+01 6.105496287345886230e-01 -1.211540508270263672e+01 1.926921844482421875e+01 8.635894775390625000e+00
-3.752302169799804688e+01 3.232058715820312500e+01 -4.762947501149028540e-04 -1.394905281066894531e+01 1.559837436676025391e+01 8.859251022338867188e+00
-3.394689559936523438e+01 3.388444519042968750e+01 1.012387037277221680e+00 -1.633275985717773438e+01 1.384384059906005859e+01 9.139018058776855469e+00
-3.162824821472167969e+01 3.436837768554687500e+01 4.716460108757019043e-01 -1.698352622985839844e+01 1.447419071197509766e+01 9.474838256835937500e+00
-2.965942955017089844e+01 3.463704681396484375e+01 -6.535962224006652832e-02 -1.690335655212402344e+01 1.542971324920654297e+01 1.004030799865722656e+01
-2.756414222717285156e+01 3.297549438476562500e+01 -7.162982132285833359e-03 -1.594226741790771484e+01 1.615345001220703125e+01 1.044720458984375000e+01
-2.569590568542480469e+01 3.109347343444824219e+01 8.801791071891784668e-01 -1.584297847747802734e+01 1.726045608520507812e+01 1.104288291931152344e+01
-2.271412277221679688e+01 3.551809310913085938e+01 -9.848740696907043457e-02 -2.124833488464355469e+01 1.484771060943603516e+01 8.857580184936523438e+00
-1.883776283264160156e+01 3.410560226440429688e+01 1.367513895034790039e+00 -2.411387443542480469e+01 1.486069583892822266e+01 6.671363830566406250e+00
-1.503016185760498047e+01 3.273943710327148438e+01 3.794300317764282227e+00 -2.786886405944824219e+01 1.700079154968261719e+01 6.245828151702880859e+00
-1.256588935852050781e+01 2.951317787170410156e+01 5.156982421875000000e+00 -2.976805686950683594e+01 2.014820861816406250e+01 8.487428665161132812e+00
-1.132502651214599609e+01 2.543120574951171875e+01 6.059143543243408203e+00 -2.949848365783691406e+01 2.456201171875000000e+01 9.620632171630859375e+00
-1.089690780639648438e+01 2.115550994873046875e+01 4.905520915985107422e+00 -3.294831466674804688e+01 2.845175552368164062e+01 8.711279869079589844e+00
-1.144117641448974609e+01 2.040461349487304688e+01 6.574978828430175781e+00 -3.590500640869140625e+01 3.050635910034179688e+01 8.028100013732910156e+00
-1.140753078460693359e+01 2.038392257690429688e+01 7.720020771026611328e+00 -3.727673721313476562e+01 3.216487121582031250e+01 6.650841712951660156e+00
-1.057495784759521484e+01 1.912274551391601562e+01 8.701499938964843750e+00 -3.713635635375976562e+01 3.366289520263671875e+01 4.745062828063964844e+00
-9.967000007629394531e+00 1.717101478576660156e+01 9.196784973144531250e+00 -3.618315124511718750e+01 3.466958618164062500e+01 4.322756767272949219e+00
-1.087679195404052734e+01 1.091418266296386719e+01 8.729187965393066406e+00 -3.202325820922851562e+01 4.009160995483398438e+01 2.088460922241210938e-01
-1.527640724182128906e+01 1.013726997375488281e+01 8.098756790161132812e+00 -2.717768859863281250e+01 4.004558181762695312e+01 7.101125717163085938e-01
-2.057703018188476562e+01 1.037791252136230469e+01 6.512369155883789062e+00 -2.383884429931640625e+01 3.929928207397460938e+01 2.293545722961425781e+00
-2.617944335937500000e+01 1.311083793640136719e+01 4.281433105468750000e+00 -2.014232254028320312e+01 3.693303680419921875e+01 5.054219245910644531e+00
-3.044500732421875000e+01 1.728139305114746094e+01 3.190117120742797852e+00 -1.700296592712402344e+01 3.304656982421875000e+01 6.765606880187988281e+00
-3.580891036987304688e+01 2.345933151245117188e+01 4.884726405143737793e-01 -1.362563991546630859e+01 2.787045288085937500e+01 7.315483093261718750e+00
-3.686912918090820312e+01 2.605744552612304688e+01 -3.069672882556915283e-01 -1.255864620208740234e+01 2.486819076538085938e+01 7.618135452270507812e+00
-3.849980545043945312e+01 2.890081214904785156e+01 -6.055825948715209961e-01 -1.234661769866943359e+01 2.298517417907714844e+01 8.819107055664062500e+00
-4.019335556030273438e+01 3.198731040954589844e+01 -7.250897884368896484e-01 -1.432332324981689453e+01 2.110564804077148438e+01 9.812511444091796875e+00
-4.078038024902343750e+01 3.532873153686523438e+01 -7.615517973899841309e-01 -1.543041515350341797e+01 2.028747940063476562e+01 1.118571090698242188e+01
-3.565856552124023438e+01 4.182779312133789062e+01 -6.487774252891540527e-01 -1.828865623474121094e+01 1.228287410736083984e+01 1.299538803100585938e+01
-2.992754936218261719e+01 4.202564239501953125e+01 -5.145483016967773438e-01 -1.783008956909179688e+01 1.133148670196533203e+01 1.491460990905761719e+01
-2.608530998229980469e+01 4.101762390136718750e+01 -2.880385220050811768e-01 -1.764417076110839844e+01 1.098414325714111328e+01 1.326934242248535156e+01
-2.429871559143066406e+01 3.943361282348632812e+01 -1.484678983688354492e-01 -1.925241088867187500e+01 1.144564151763916016e+01 1.172918891906738281e+01
-2.385484313964843750e+01 3.671983337402343750e+01 -1.108962297439575195e-01 -2.246658134460449219e+01 1.402218151092529297e+01 9.296333312988281250e+00
-1.751134681701660156e+01 3.375823211669921875e+01 -1.925050020217895508e-01 -2.384693145751953125e+01 1.385446548461914062e+01 1.174973678588867188e+01
-1.437386798858642578e+01 3.317691802978515625e+01 -5.293820425868034363e-02 -2.754212760925292969e+01 1.516708278656005859e+01 9.168670654296875000e+00
-1.261530303955078125e+01 3.099627876281738281e+01 1.491738080978393555e+00 -3.126605224609375000e+01 1.802365493774414062e+01 6.496747970581054688e+00
-1.046895885467529297e+01 2.792888069152832031e+01 2.056948423385620117e+00 -3.529095458984375000e+01 2.138984870910644531e+01 5.031949996948242188e+00
-9.538194656372070312e+00 2.477737426757812500e+01 3.040167570114135742e+00 -3.807723617553710938e+01 2.541761779785156250e+01 4.885787963867187500e+00
-1.217100143432617188e+01 2.204886436462402344e+01 5.617202281951904297e+00 -4.134827041625976562e+01 3.349990081787109375e+01 -1.821909993886947632e-01
-1.083074760437011719e+01 1.903946113586425781e+01 7.799160480499267578e+00 -4.145750045776367188e+01 3.837052154541015625e+01 -2.334492653608322144e-01
-9.146735191345214844e+00 1.579636192321777344e+01 9.295435905456542969e+00 -3.931971740722656250e+01 4.154342651367187500e+01 -1.204949393868446350e-01
-7.863703250885009766e+00 1.315219306945800781e+01 9.603411674499511719e+00 -3.482789230346679688e+01 4.292088317871093750e+01 3.111619949340820312e-01
-8.188670158386230469e+00 1.141331672668457031e+01 9.273390769958496094e+00 -3.013950920104980469e+01 4.253837585449218750e+01 1.704998970031738281e+00
-1.523479938507080078e+01 9.242736816406250000e+00 1.259299659729003906e+01 -2.204997062683105469e+01 4.302379608154296875e+01 2.363627433776855469e+00
-1.699275588989257812e+01 8.451324462890625000e+00 1.127749156951904297e+01 -1.796619224548339844e+01 4.323843002319335938e+01 2.421025276184082031e+00
-2.059918212890625000e+01 6.963605403900146484e+00 7.682017803192138672e+00 -1.712184715270996094e+01 4.064785385131835938e+01 1.644499778747558594e+00
-2.610267639160156250e+01 1.070745849609375000e+01 4.966207027435302734e+00 -1.801307106018066406e+01 3.893111038208007812e+01 -1.254816073924303055e-02
-3.111060142517089844e+01 1.447869682312011719e+01 2.164211988449096680e+00 -2.009542465209960938e+01 3.603525924682617188e+01 -8.326349407434463501e-02
-3.734837341308593750e+01 2.220879173278808594e+01 2.127823591232299805e+00 -1.955139160156250000e+01 3.232835769653320312e+01 3.673460960388183594e+00
-4.070864105224609375e+01 2.593853378295898438e+01 -3.375771641731262207e-02 -1.685689163208007812e+01 2.917401504516601562e+01 7.496693611145019531e+00
-4.163586044311523438e+01 2.989252471923828125e+01 -1.823882311582565308e-01 -1.328213214874267578e+01 2.573567581176757812e+01 1.016052722930908203e+01
-4.108837509155273438e+01 3.234349822998046875e+01 -1.186490282416343689e-01 -9.877933502197265625e+00 2.190975952148437500e+01 9.435826301574707031e+00
-3.947771835327148438e+01 3.587811279296875000e+01 -1.596219390630722046e-01 -8.770300865173339844e+00 1.851334190368652344e+01 1.014191532135009766e+01
-2.916815567016601562e+01 3.815943908691406250e+01 -2.182944566011428833e-01 -1.089822006225585938e+01 1.287181663513183594e+01 1.408397579193115234e+01
-2.573060607910156250e+01 3.973072433471679688e+01 -1.934848129749298096e-01 -1.239365673065185547e+01 1.050500774383544922e+01 1.342918682098388672e+01
-2.291542053222656250e+01 4.054548645019531250e+01 -2.147542238235473633e-01 -1.551763629913330078e+01 9.507306098937988281e+00 1.322073650360107422e+01
-2.024744033813476562e+01 3.999131393432617188e+01 -9.502461552619934082e-02 -1.917907905578613281e+01 1.022671794891357422e+01 1.190570163726806641e+01
-1.941464233398437500e+01 3.874145507812500000e+01 9.781376719474792480e-01 -2.293448638916015625e+01 1.261495494842529297e+01 1.046659374237060547e+01
-1.523710346221923828e+01 3.801554870605468750e+01 -7.567046582698822021e-02 -2.895012283325195312e+01 1.374880790710449219e+01 1.047834300994873047e+01
-1.419115638732910156e+01 3.520450210571289062e+01 2.224261164665222168e-01 -3.470932769775390625e+01 1.603098678588867188e+01 8.035613059997558594e+00
-1.219670867919921875e+01 3.306917572021484375e+01 2.356479406356811523e+00 -3.843726348876953125e+01 2.032076835632324219e+01 7.420852661132812500e+00
-9.704257011413574219e+00 2.767526817321777344e+01 3.597971677780151367e+00 -4.050674057006835938e+01 2.494336891174316406e+01 4.544219970703125000e+00
-7.909081935882568359e+00 2.340262222290039062e+01 5.375176906585693359e+00 -3.991715240478515625e+01 2.938790702819824219e+01 3.514736175537109375e+00
-9.540572166442871094e+00 1.935568046569824219e+01 8.512178421020507812e+00 -4.004524993896484375e+01 3.778197479248046875e+01 5.282106399536132812e+00
-9.369933128356933594e+00 1.505164337158203125e+01 1.076723766326904297e+01 -3.728873825073242188e+01 3.834790802001953125e+01 3.491298675537109375e+00
-9.854801177978515625e+00 1.309630584716796875e+01 1.123087978363037109e+01 -3.268961715698242188e+01 3.995513916015625000e+01 2.796787261962890625e+00
-1.032483005523681641e+01 1.073892784118652344e+01 1.129349231719970703e+01 -2.967135620117187500e+01 3.941860198974609375e+01 1.870869874954223633e+00
-1.192036247253417969e+01 1.079711341857910156e+01 1.185000896453857422e+01 -2.970391845703125000e+01 3.868781280517578125e+01 -1.445253640413284302e-01
-2.295323753356933594e+01 1.236585044860839844e+01 1.069505119323730469e+01 -2.689793205261230469e+01 4.176120376586914062e+01 -5.164351686835289001e-02
-2.526497459411621094e+01 1.234516143798828125e+01 9.612349510192871094e+00 -2.141945457458496094e+01 4.053253173828125000e+01 1.289480447769165039e+00
-2.735998535156250000e+01 1.457660484313964844e+01 7.739732265472412109e+00 -1.612025642395019531e+01 3.763092041015625000e+01 3.922199726104736328e+00
-2.961922073364257812e+01 1.738551521301269531e+01 5.629911899566650391e+00 -1.210307979583740234e+01 3.366611480712890625e+01 4.507916450500488281e+00
-3.190326499938964844e+01 2.039335060119628906e+01 3.290596723556518555e+00 -1.003874111175537109e+01 2.938931465148925781e+01 4.981733322143554688e+00
-3.494468688964843750e+01 2.389607048034667969e+01 7.251212000846862793e-01 -1.212913131713867188e+01 2.511085510253906250e+01 6.252163887023925781e+00
-3.635697555541992188e+01 2.742142486572265625e+01 -1.792809814214706421e-01 -1.177024459838867188e+01 2.294627380371093750e+01 8.317023277282714844e+00
-3.710182189941406250e+01 3.114607810974121094e+01 -4.669516980648040771e-01 -1.174938774108886719e+01 1.944579696655273438e+01 9.829725265502929688e+00
-3.637113571166992188e+01 3.463093185424804688e+01 -6.068847179412841797e-01 -1.184610366821289062e+01 1.647964859008789062e+01 1.255729198455810547e+01
-3.617454528808593750e+01 3.876776504516601562e+01 -7.186980843544006348e-01 -1.256051921844482422e+01 1.405400848388671875e+01 1.418348121643066406e+01
-3.236500167846679688e+01 4.198275375366210938e+01 -1.038629651069641113e+00 -1.774206352233886719e+01 1.018873500823974609e+01 1.506819915771484375e+01
-2.991893005371093750e+01 4.185998153686523438e+01 -7.866786122322082520e-01 -1.982324409484863281e+01 9.550580978393554688e+00 1.481612586975097656e+01
-2.642004394531250000e+01 4.030191040039062500e+01 -4.477489590644836426e-01 -2.134138298034667969e+01 1.073521518707275391e+01 1.311901092529296875e+01
-2.304961204528808594e+01 3.747129058837890625e+01 -1.583232730627059937e-01 -2.286551094055175781e+01 1.279526329040527344e+01 1.186494255065917969e+01
-1.949494934082031250e+01 3.444289398193359375e+01 5.625039935111999512e-01 -2.420505523681640625e+01 1.583985996246337891e+01 1.009056472778320312e+01
-1.500402736663818359e+01 3.182150459289550781e+01 2.757543325424194336e+00 -2.994830131530761719e+01 1.820962524414062500e+01 7.305505752563476562e+00
-1.059797763824462891e+01 2.850625228881835938e+01 3.723523855209350586e+00 -3.452695083618164062e+01 2.170565605163574219e+01 6.717997550964355469e+00
-9.242426872253417969e+00 2.439194869995117188e+01 4.287632465362548828e+00 -3.784792709350585938e+01 2.588581275939941406e+01 5.003979206085205078e+00
-8.713804244995117188e+00 2.001603507995605469e+01 6.159626483917236328e+00 -4.039855575561523438e+01 3.097490692138671875e+01 4.692398071289062500e+00
-9.398095130920410156e+00 1.496285247802734375e+01 7.505792140960693359e+00 -4.137508773803710938e+01 3.615093994140625000e+01 3.153996467590332031e+00
-9.417254447937011719e+00 1.361015129089355469e+01 1.107129001617431641e+01 -3.769797897338867188e+01 3.765968322753906250e+01 3.346569538116455078e+00
-6.315354347229003906e+00 1.069519424438476562e+01 1.166752433776855469e+01 -3.372339248657226562e+01 4.081842422485351562e+01 4.422221660614013672e+00
-5.736771583557128906e+00 7.307180881500244141e+00 1.018502330780029297e+01 -2.904309463500976562e+01 4.126087188720703125e+01 5.275076866149902344e+00
-7.596064090728759766e+00 6.816455364227294922e+00 9.596533775329589844e+00 -2.409978866577148438e+01 4.121923065185546875e+01 5.072873115539550781e+00
-1.077585220336914062e+01 6.402560234069824219e+00 8.658791542053222656e+00 -2.115875434875488281e+01 3.949990081787109375e+01 4.195217132568359375e+00
-1.777845573425292969e+01 7.335034847259521484e+00 9.044217109680175781e+00 -1.898712348937988281e+01 3.811531066894531250e+01 -7.004213333129882812e-02
-2.457891845703125000e+01 9.816715240478515625e+00 6.478115558624267578e+00 -1.873745918273925781e+01 3.686299896240234375e+01 5.186166763305664062e-01
-3.092212486267089844e+01 1.339327812194824219e+01 4.397545337677001953e+00 -1.814741706848144531e+01 3.530824661254882812e+01 1.909697532653808594e+00
-3.417212295532226562e+01 1.769540977478027344e+01 3.158025503158569336e+00 -1.776401329040527344e+01 3.245304870605468750e+01 3.332451820373535156e+00
-3.509761810302734375e+01 2.226403045654296875e+01 2.192852735519409180e+00 -1.647119140625000000e+01 2.920697784423828125e+01 4.360319137573242188e+00
-3.747248458862304688e+01 2.415209197998046875e+01 1.634336709976196289e+00 -1.237873649597167969e+01 2.509003639221191406e+01 6.983794212341308594e+00
-3.830160522460937500e+01 2.728577041625976562e+01 1.400305986404418945e+00 -1.157022762298583984e+01 2.356709861755371094e+01 8.794677734375000000e+00
-3.675612258911132812e+01 2.987954521179199219e+01 1.704887151718139648e+00 -9.675280570983886719e+00 2.015953826904296875e+01 9.876496315002441406e+00
-3.396711349487304688e+01 3.317919540405273438e+01 1.903810739517211914e+00 -8.572652816772460938e+00 1.734214401245117188e+01 1.102974891662597656e+01
-3.211563491821289062e+01 3.473792648315429688e+01 2.265291452407836914e+00 -8.897368431091308594e+00 1.418156623840332031e+01 1.198235511779785156e+01
-2.465034484863281250e+01 3.551469802856445312e+01 8.144709467887878418e-01 -1.269074535369873047e+01 1.328365612030029297e+01 1.274886798858642578e+01
-2.181349563598632812e+01 3.542656707763671875e+01 1.000405073165893555e+00 -1.546591663360595703e+01 1.305411434173583984e+01 1.204560661315917969e+01
-1.921087455749511719e+01 3.442018127441406250e+01 2.218672633171081543e-01 -2.004493713378906250e+01 1.432124614715576172e+01 9.451100349426269531e+00
-1.876154518127441406e+01 3.230607986450195312e+01 2.068101644515991211e+00 -2.490429878234863281e+01 1.682857131958007812e+01 7.373153686523437500e+00
-1.775412559509277344e+01 2.934298706054687500e+01 2.978108167648315430e+00 -2.920913505554199219e+01 2.141484069824218750e+01 5.925050735473632812e+00
-1.800780105590820312e+01 2.880012321472167969e+01 3.362643957138061523e+00 -3.693530273437500000e+01 2.490741729736328125e+01 5.140380859375000000e+00
-1.484377193450927734e+01 2.794382286071777344e+01 4.413472175598144531e+00 -3.625777816772460938e+01 2.557645416259765625e+01 5.077716827392578125e+00
-1.163181304931640625e+01 2.668730735778808594e+01 5.709521770477294922e+00 -3.529920578002929688e+01 2.803982925415039062e+01 5.482213020324707031e+00
-9.598826408386230469e+00 2.314095878601074219e+01 7.741342067718505859e+00 -3.381951522827148438e+01 2.959566879272460938e+01 5.098094940185546875e+00
-9.248850822448730469e+00 2.069283485412597656e+01 8.465226173400878906e+00 -3.223771667480468750e+01 3.226642990112304688e+01 5.624901294708251953e+00
-8.073779106140136719e+00 1.517694473266601562e+01 1.198421478271484375e+01 -3.067637062072753906e+01 3.617175674438476562e+01 6.080899238586425781e+00
-8.365408897399902344e+00 1.325132942199707031e+01 1.226695156097412109e+01 -2.777934646606445312e+01 3.690715408325195312e+01 4.591522216796875000e+00
-9.959311485290527344e+00 1.336605644226074219e+01 1.204568481445312500e+01 -2.582903099060058594e+01 3.709467697143554688e+01 4.738147735595703125e+00
-1.272011661529541016e+01 1.369573974609375000e+01 1.045096969604492188e+01 -2.428398323059082031e+01 3.685753631591796875e+01 4.305424690246582031e+00
-1.612614059448242188e+01 1.424772071838378906e+01 8.635558128356933594e+00 -2.297340202331542969e+01 3.527532577514648438e+01 4.281691551208496094e+00
-2.386924171447753906e+01 1.505673980712890625e+01 6.441593647003173828e+00 -2.426774597167968750e+01 3.900754928588867188e+01 2.987510204315185547e+00
-2.836431312561035156e+01 1.673294258117675781e+01 5.677058696746826172e+00 -2.302884483337402344e+01 3.827533721923828125e+01 2.604389190673828125e+00
-3.213597106933593750e+01 1.849663352966308594e+01 5.929102420806884766e+00 -2.148434066772460938e+01 3.651783370971679688e+01 3.380040168762207031e+00
-3.361594772338867188e+01 2.168520927429199219e+01 4.324929714202880859e+00 -2.025471305847167969e+01 3.385378646850585938e+01 5.316514015197753906e+00
-3.312753677368164062e+01 2.559874343872070312e+01 3.578684568405151367e+00 -2.001730537414550781e+01 3.112350082397460938e+01 7.010636329650878906e+00
-3.111494255065917969e+01 2.881727218627929688e+01 3.988667249679565430e+00 -1.526332759857177734e+01 2.854272079467773438e+01 8.115353584289550781e+00
-3.079168510437011719e+01 3.076888847351074219e+01 3.554922819137573242e+00 -1.267146205902099609e+01 2.677515411376953125e+01 1.016816997528076172e+01
-2.907193946838378906e+01 3.151784706115722656e+01 3.758047819137573242e+00 -1.057467746734619141e+01 2.390728759765625000e+01 1.025881862640380859e+01
-2.675280189514160156e+01 3.254509735107421875e+01 3.213593244552612305e+00 -1.101594448089599609e+01 2.147797775268554688e+01 1.027851104736328125e+01
-2.571148681640625000e+01 3.395162963867187500e+01 1.715656995773315430e+00 -1.412650585174560547e+01 1.981789588928222656e+01 1.027099800109863281e+01
-2.654240226745605469e+01 3.523405075073242188e+01 -1.640551835298538208e-01 -1.983157157897949219e+01 1.845105934143066406e+01 9.133184432983398438e+00
-2.535470008850097656e+01 3.583814239501953125e+01 -1.016818284988403320e-01 -2.171734428405761719e+01 1.758575439453125000e+01 8.751270294189453125e+00
-2.303494071960449219e+01 3.442492294311523438e+01 9.005190730094909668e-01 -2.490525245666503906e+01 1.784131622314453125e+01 7.636153221130371094e+00
-2.156299781799316406e+01 3.335998153686523438e+01 2.408179044723510742e+00 -2.781818962097167969e+01 1.854891395568847656e+01 7.926025390625000000e+00
-2.015167617797851562e+01 3.229985809326171875e+01 3.029299497604370117e+00 -3.000212669372558594e+01 2.089671325683593750e+01 8.577069282531738281e+00
-1.661253547668457031e+01 2.993579292297363281e+01 2.310789823532104492e+00 -3.138566970825195312e+01 2.192489624023437500e+01 7.387525558471679688e+00
-1.556619453430175781e+01 2.764713478088378906e+01 3.589754819869995117e+00 -3.250202560424804688e+01 2.416349220275878906e+01 7.415376663208007812e+00
-1.337913990020751953e+01 2.456056785583496094e+01 4.651604175567626953e+00 -3.239421844482421875e+01 2.654818344116210938e+01 6.528680324554443359e+00
-1.155279159545898438e+01 2.186245727539062500e+01 5.859191417694091797e+00 -3.095443534851074219e+01 2.903630638122558594e+01 6.702819824218750000e+00
-1.089434432983398438e+01 1.981812858581542969e+01 6.919284343719482422e+00 -2.871362304687500000e+01 3.076370239257812500e+01 5.814586162567138672e+00
-1.434962368011474609e+01 1.559220504760742188e+01 7.263533115386962891e+00 -2.794168663024902344e+01 3.470615005493164062e+01 5.395374298095703125e+00
-1.479462432861328125e+01 1.600901222229003906e+01 6.502398014068603516e+00 -2.620143127441406250e+01 3.442547225952148438e+01 5.158859729766845703e+00
-1.769197845458984375e+01 1.671342277526855469e+01 5.878490924835205078e+00 -2.459462547302246094e+01 3.500557708740234375e+01 5.598750591278076172e+00
-2.026643180847167969e+01 1.716497993469238281e+01 6.120083332061767578e+00 -2.407601165771484375e+01 3.498159027099609375e+01 4.659368038177490234e+00
-2.077692222595214844e+01 1.730934333801269531e+01 6.173141956329345703e+00 -2.463546943664550781e+01 3.492374038696289062e+01 3.687307357788085938e+00
-2.624096679687500000e+01 2.006622505187988281e+01 4.478871822357177734e+00 -2.296132087707519531e+01 3.500111389160156250e+01 5.483902454376220703e+00
-2.943974113464355469e+01 2.075946235656738281e+01 4.363641262054443359e+00 -2.025949478149414062e+01 3.370881271362304688e+01 6.645139217376708984e+00
-3.007166862487792969e+01 2.214532661437988281e+01 4.686469554901123047e+00 -1.795547485351562500e+01 3.264948654174804688e+01 7.173604011535644531e+00
-2.968456840515136719e+01 2.348351097106933594e+01 3.953676939010620117e+00 -1.702852821350097656e+01 3.020568084716796875e+01 7.797330856323242188e+00
-2.846467399597167969e+01 2.622244453430175781e+01 3.522475957870483398e+00 -1.678013992309570312e+01 2.814352798461914062e+01 8.154829978942871094e+00
-2.769433593750000000e+01 2.881905555725097656e+01 1.749126195907592773e+00 -1.653595542907714844e+01 2.533066558837890625e+01 8.158170700073242188e+00
-2.867163658142089844e+01 3.075562858581542969e+01 1.165874719619750977e+00 -1.840556144714355469e+01 2.354761886596679688e+01 9.164136886596679688e+00
-2.762425231933593750e+01 3.206513214111328125e+01 2.200204610824584961e+00 -2.040462875366210938e+01 2.112087440490722656e+01 8.614990234375000000e+00
-2.465901184082031250e+01 3.372956085205078125e+01 2.787281274795532227e+00 -2.151872825622558594e+01 2.058016014099121094e+01 8.822427749633789062e+00
-2.008903503417968750e+01 3.281351470947265625e+01 3.472097635269165039e+00 -2.152332305908203125e+01 1.977451324462890625e+01 8.401432037353515625e+00
-1.866693115234375000e+01 3.079955101013183594e+01 4.380994319915771484e+00 -2.462400245666503906e+01 1.931085968017578125e+01 9.884606361389160156e+00
-1.820003128051757812e+01 2.999960136413574219e+01 5.447633743286132812e+00 -2.631209373474121094e+01 2.024710464477539062e+01 8.774566650390625000e+00
-1.691627502441406250e+01 2.827415275573730469e+01 6.795677661895751953e+00 -2.825267028808593750e+01 2.232311439514160156e+01 7.669006347656250000e+00
-1.596572017669677734e+01 2.720876884460449219e+01 6.908890247344970703e+00 -2.940283584594726562e+01 2.478002357482910156e+01 7.834345817565917969e+00
-1.365132808685302734e+01 2.433833122253417969e+01 7.462403774261474609e+00 -2.791467094421386719e+01 2.669752120971679688e+01 7.730171203613281250e+00
-1.107971858978271484e+01 2.126521873474121094e+01 5.233985424041748047e+00 -2.786895179748535156e+01 2.799797058105468750e+01 7.462144851684570312e+00
-1.361066627502441406e+01 1.828094100952148438e+01 6.620656490325927734e+00 -3.011209487915039062e+01 3.039259147644042969e+01 6.385204315185546875e+00
-1.573548412322998047e+01 1.736329269409179688e+01 7.920047283172607422e+00 -3.183770751953125000e+01 3.289023208618164062e+01 6.679503440856933594e+00
-1.776540184020996094e+01 1.638759422302246094e+01 7.604974269866943359e+00 -3.134897422790527344e+01 3.557308197021484375e+01 5.687853813171386719e+00
-1.744270324707031250e+01 1.367963409423828125e+01 7.797300815582275391e+00 -2.751240539550781250e+01 3.580117797851562500e+01 6.097796440124511719e+00
-1.978200340270996094e+01 1.546139717102050781e+01 6.468293190002441406e+00 -2.441824150085449219e+01 3.492249298095703125e+01 6.715038299560546875e+00
-2.134193992614746094e+01 1.663662719726562500e+01 5.794410705566406250e+00 -2.337136268615722656e+01 3.350278091430664062e+01 7.789220809936523438e+00
-2.192836952209472656e+01 1.749777793884277344e+01 5.265753269195556641e+00 -2.403571891784667969e+01 3.054587745666503906e+01 7.484930038452148438e+00
-2.232909584045410156e+01 1.966737747192382812e+01 5.362943172454833984e+00 -2.453705787658691406e+01 2.898909187316894531e+01 6.366041660308837891e+00
-2.214354515075683594e+01 1.978121757507324219e+01 5.754147052764892578e+00 -2.466123390197753906e+01 2.571534729003906250e+01 5.658174514770507812e+00
