-6.114880084991455078e+00 8.151353836059570312e+00 1.299219036102294922e+01 -1.145425224304199219e+01 3.183725357055664062e+01 3.019158840179443359e+00
-5.964999675750732422e+00 6.163516998291015625e+00 1.290846347808837891e+01 -1.543710803985595703e+01 3.227853775024414062e+01 7.097842693328857422e-01
-9.323660850524902344e+00 4.083391189575195312e+00 1.072349834442138672e+01 -1.981623458862304688e+01 3.288533401489257812e+01 -2.254289239645004272e-01
-1.619389152526855469e+01 5.820415973663330078e+00 7.078543663024902344e+00 -2.154871940612792969e+01 3.272299957275390625e+01 3.334763050079345703e-01
-2.486124229431152344e+01 9.819841384887695312e+00 2.977658987045288086e+00 -2.117777824401855469e+01 3.194815826416015625e+01 1.983368635177612305e+00
-3.515277481079101562e+01 1.580035591125488281e+01 -4.602066799998283386e-02 -2.030692672729492188e+01 2.661733818054199219e+01 3.495559692382812500e+00
-4.035547637939453125e+01 2.175954055786132812e+01 -2.390972822904586792e-01 -1.843073272705078125e+01 2.423825073242187500e+01 5.221916198730468750e+00
-4.340154647827148438e+01 2.689975738525390625e+01 -5.945989489555358887e-02 -1.699739646911621094e+01 2.107253265380859375e+01 6.152372360229492188e+00
-4.183338546752929688e+01 3.110933876037597656e+01 1.887699842453002930e+00 -1.591816711425781250e+01 1.864509582519531250e+01 7.189849853515625000e+00
-3.565748214721679688e+01 3.288057708740234375e+01 3.143951177597045898e+00 -1.480836486816406250e+01 1.650234222412109375e+01 8.744032859802246094e+00
-2.916535949707031250e+01 3.181266212463378906e+01 5.717202663421630859e+00 -1.394159126281738281e+01 1.516271495819091797e+01 9.278928756713867188e+00
-2.389164161682128906e+01 3.329866790771484375e+01 4.044183254241943359e+00 -1.476349639892578125e+01 1.403906250000000000e+01 1.142063522338867188e+01
-2.012565040588378906e+01 3.421080780029296875e+01 1.830870389938354492e+00 -1.373730182647705078e+01 1.174593830108642578e+01 1.402547264099121094e+01
-1.710757255554199219e+01 3.447256469726562500e+01 -4.933522269129753113e-02 -1.393717098236083984e+01 9.982560157775878906e+00 1.535438346862792969e+01
-1.531010150909423828e+01 3.367898559570312500e+01 -7.492592930793762207e-02 -1.517244243621826172e+01 9.509192466735839844e+00 1.547753143310546875e+01
-1.177262783050537109e+01 3.110492897033691406e+01 1.585168600082397461e+00 -1.768352317810058594e+01 8.331702232360839844e+00 1.277118682861328125e+01
-1.126831817626953125e+01 2.877273368835449219e+01 1.942269563674926758e+00 -2.315597724914550781e+01 1.034800338745117188e+01 9.824110984802246094e+00
-1.158681678771972656e+01 2.701892662048339844e+01 1.528816938400268555e+00 -2.738223838806152344e+01 1.378195476531982422e+01 9.618144989013671875e+00
-1.195081329345703125e+01 2.410296058654785156e+01 1.815395116806030273e+00 -3.046961021423339844e+01 1.772132110595703125e+01 8.470632553100585938e+00
-1.152534770965576172e+01 2.034070396423339844e+01 3.289318799972534180e+00 -3.208265304565429688e+01 2.133103561401367188e+01 7.001533508300781250e+00
-1.204488563537597656e+01 2.077095031738281250e+01 1.911535978317260742e+00 -3.492402267456054688e+01 2.352050781250000000e+01 5.031433105468750000e+00
-1.230207538604736328e+01 1.875573730468750000e+01 2.193132162094116211e+00 -3.662594223022460938e+01 2.627450180053710938e+01 2.705082893371582031e+00
-1.198974132537841797e+01 1.689056777954101562e+01 3.197158575057983398e+00 -3.787546920776367188e+01 2.960541152954101562e+01 1.514618873596191406e+00
-1.236212825775146484e+01 1.421476173400878906e+01 4.172098159790039062e+00 -3.862514495849609375e+01 3.170363235473632812e+01 7.857084274291992188e-01
-1.285974788665771484e+01 1.354179954528808594e+01 5.304399013519287109e+00 -3.780334854125976562e+01 3.371386718750000000e+01 1.205945014953613281e+00
-1.437278938293457031e+01 9.697931289672851562e+00 6.967692852020263672e+00 -3.200570297241210938e+01 3.373518753051757812e+01 3.494715213775634766e+00
-1.602726554870605469e+01 9.313304901123046875e+00 6.485397338867187500e+00 -2.731371498107910156e+01 3.333882904052734375e+01 3.350263118743896484e+00
-1.787683677673339844e+01 9.515466690063476562e+00 5.307422161102294922e+00 -2.329844284057617188e+01 3.301447296142578125e+01 4.142016887664794922e+00
-2.069565010070800781e+01 1.068534278869628906e+01 4.116103649139404297e+00 -2.071596336364746094e+01 3.163710403442382812e+01 3.866498470306396484e+00
-2.493900871276855469e+01 1.467012977600097656e+01 3.363190889358520508e+00 -1.933039855957031250e+01 3.017144012451171875e+01 4.744060039520263672e+00
-2.958540153503417969e+01 2.000305747985839844e+01 3.000866651535034180e+00 -1.304253578186035156e+01 2.350400543212890625e+01 6.403395652770996094e+00
-3.182835769653320312e+01 2.194851684570312500e+01 2.761132001876831055e+00 -1.221269035339355469e+01 2.142409324645996094e+01 6.505268096923828125e+00
-3.399913024902343750e+01 2.574241447448730469e+01 2.713638067245483398e+00 -1.274184703826904297e+01 1.896764755249023438e+01 7.575322151184082031e+00
-3.506880569458007812e+01 2.816855239868164062e+01 1.828301668167114258e+00 -1.333397579193115234e+01 1.705873680114746094e+01 7.860459327697753906e+00
-3.628266143798828125e+01 2.974925422668457031e+01 1.308929681777954102e+00 -1.496304512023925781e+01 1.493437671661376953e+01 7.946522712707519531e+00
-3.354179000854492188e+01 3.009437370300292969e+01 1.178990125656127930e+00 -1.494756317138671875e+01 1.397463035583496094e+01 8.793158531188964844e+00
-3.229377365112304688e+01 3.076131248474121094e+01 9.649574160575866699e-01 -1.614243888854980469e+01 1.410171413421630859e+01 8.746027946472167969e+00
-3.094359779357910156e+01 3.123082160949707031e+01 7.549158930778503418e-01 -1.728341865539550781e+01 1.503805065155029297e+01 8.335385322570800781e+00
-2.869983863830566406e+01 2.967836952209472656e+01 1.937930822372436523e+00 -1.766852378845214844e+01 1.588370037078857422e+01 8.336830139160156250e+00
-2.626242637634277344e+01 2.768874549865722656e+01 3.174310445785522461e+00 -1.862122344970703125e+01 1.753561973571777344e+01 8.581338882446289062e+00
-2.362286949157714844e+01 3.042214775085449219e+01 1.255686521530151367e+00 -2.325165557861328125e+01 1.807024383544921875e+01 6.957521438598632812e+00
-1.950983047485351562e+01 3.007516860961914062e+01 3.231647253036499023e+00 -2.384058189392089844e+01 1.750324249267578125e+01 6.481012344360351562e+00
-1.460049915313720703e+01 2.923092460632324219e+01 5.105125904083251953e+00 -2.525713157653808594e+01 1.776822280883789062e+01 6.987340927124023438e+00
-1.091667461395263672e+01 2.712115859985351562e+01 5.814291954040527344e+00 -2.558966255187988281e+01 1.907532882690429688e+01 9.776565551757812500e+00
-9.094954490661621094e+00 2.452786445617675781e+01 5.996208190917968750e+00 -2.537721061706542969e+01 2.127789688110351562e+01 1.129798126220703125e+01
-7.812395572662353516e+00 2.021788978576660156e+01 5.331968307495117188e+00 -2.986579322814941406e+01 2.523336029052734375e+01 9.662303924560546875e+00
-7.742698192596435547e+00 1.934091567993164062e+01 6.317169189453125000e+00 -3.166866111755371094e+01 2.678008270263671875e+01 9.180538177490234375e+00
-8.166018486022949219e+00 1.902527809143066406e+01 6.206182956695556641e+00 -3.306616592407226562e+01 2.768851280212402344e+01 7.973783493041992188e+00
-8.690877914428710938e+00 1.820604896545410156e+01 6.196245670318603516e+00 -3.350970840454101562e+01 2.879442214965820312e+01 6.169622421264648438e+00
-9.574816703796386719e+00 1.713260459899902344e+01 6.105125427246093750e+00 -3.371023178100585938e+01 2.939030456542968750e+01 5.516168594360351562e+00
-1.242804527282714844e+01 1.228401756286621094e+01 4.973991394042968750e+00 -3.171879577636718750e+01 3.304308319091796875e+01 2.149595260620117188e+00
-1.700515174865722656e+01 1.294938468933105469e+01 4.237594127655029297e+00 -2.800986671447753906e+01 3.221487045288085938e+01 2.264175415039062500e+00
-2.185090827941894531e+01 1.470736312866210938e+01 2.819319486618041992e+00 -2.560583305358886719e+01 3.097341537475585938e+01 4.117565155029296875e+00
-2.623406791687011719e+01 1.790282821655273438e+01 1.060513734817504883e+00 -2.268581771850585938e+01 2.841403388977050781e+01 6.341180801391601562e+00
-2.894491577148437500e+01 2.166851425170898438e+01 5.136377215385437012e-01 -2.006153488159179688e+01 2.470419311523437500e+01 8.277803421020507812e+00
-3.205641937255859375e+01 2.914068603515625000e+01 -7.144787907600402832e-02 -1.767625808715820312e+01 1.871190071105957031e+01 8.367511749267578125e+00
-3.206613922119140625e+01 3.006485366821289062e+01 -2.657454907894134521e-01 -1.668322181701660156e+01 1.690522956848144531e+01 8.712268829345703125e+00
-3.224192428588867188e+01 3.123171806335449219e+01 -3.967150151729583740e-01 -1.548278713226318359e+01 1.624461364746093750e+01 9.874219894409179688e+00
-3.260985946655273438e+01 3.226651000976562500e+01 -4.648962616920471191e-01 -1.604016494750976562e+01 1.513038158416748047e+01 1.156770896911621094e+01
-3.273867034912109375e+01 3.447523880004882812e+01 -4.934227466583251953e-01 -1.585363292694091797e+01 1.484355449676513672e+01 1.275356864929199219e+01
-2.603390312194824219e+01 3.800728988647460938e+01 -1.262052804231643677e-01 -1.933044433593750000e+01 7.849747180938720703e+00 1.384394550323486328e+01
-1.905929946899414062e+01 3.425874328613281250e+01 1.421767950057983398e+00 -1.985176658630371094e+01 9.338167190551757812e+00 1.335215473175048828e+01
-1.543245220184326172e+01 3.024906158447265625e+01 3.850240468978881836e+00 -2.007861137390136719e+01 1.218281173706054688e+01 1.119591045379638672e+01
-1.521039772033691406e+01 2.542690277099609375e+01 4.609069347381591797e+00 -2.157512474060058594e+01 1.531143856048583984e+01 7.798913002014160156e+00
-1.756332397460937500e+01 2.088129425048828125e+01 4.899994373321533203e+00 -2.390252876281738281e+01 1.944220924377441406e+01 4.483201026916503906e+00
-1.866809272766113281e+01 1.950516510009765625e+01 1.379737615585327148e+00 -2.353166007995605469e+01 2.246161460876464844e+01 5.639603137969970703e+00
-1.951335906982421875e+01 2.178981590270996094e+01 1.228204488754272461e+00 -2.659253501892089844e+01 2.303111267089843750e+01 4.523140430450439453e+00
-1.993019676208496094e+01 2.195396995544433594e+01 3.117018938064575195e+00 -2.930474662780761719e+01 2.475223541259765625e+01 2.609051227569580078e+00
-1.833927154541015625e+01 2.198768043518066406e+01 4.622342109680175781e+00 -3.182303237915039062e+01 2.630872535705566406e+01 3.028183460235595703e+00
-1.558996105194091797e+01 2.123621177673339844e+01 6.096400260925292969e+00 -3.267560195922851562e+01 2.856455612182617188e+01 4.290318012237548828e+00
-1.365524959564208984e+01 1.732397079467773438e+01 9.296378135681152344e+00 -3.163563919067382812e+01 3.470981216430664062e+01 9.794135093688964844e-01
-1.172636413574218750e+01 1.438437271118164062e+01 1.104284381866455078e+01 -2.987022209167480469e+01 3.754542541503906250e+01 1.010243892669677734e+00
-1.077434730529785156e+01 1.217518806457519531e+01 1.058240699768066406e+01 -2.678151893615722656e+01 3.751098632812500000e+01 2.873210430145263672e+00
-1.086314105987548828e+01 1.114017868041992188e+01 8.603533744812011719e+00 -2.301251792907714844e+01 3.670045089721679688e+01 3.547769069671630859e+00
-1.349346065521240234e+01 1.119515228271484375e+01 6.510596275329589844e+00 -2.049641227722167969e+01 3.425995635986328125e+01 3.851394176483154297e+00
-2.390670204162597656e+01 1.459922409057617188e+01 6.079833507537841797e+00 -1.644526290893554688e+01 2.920521354675292969e+01 4.919672489166259766e+00
-2.634533119201660156e+01 1.619054412841796875e+01 3.638603925704956055e+00 -1.370809841156005859e+01 2.906309318542480469e+01 6.223215579986572266e+00
-2.837214660644531250e+01 1.637857818603515625e+01 5.752322077751159668e-01 -1.348516273498535156e+01 2.653791618347167969e+01 5.887085437774658203e+00
-3.062457275390625000e+01 2.025745964050292969e+01 -4.068368300795555115e-02 -1.425337123870849609e+01 2.461574363708496094e+01 5.404604434967041016e+00
-3.156095314025878906e+01 2.390961265563964844e+01 -1.702401489019393921e-01 -1.575705432891845703e+01 2.210352134704589844e+01 5.892752170562744141e+00
-3.357064056396484375e+01 3.003940391540527344e+01 -8.156006783246994019e-02 -1.526276111602783203e+01 1.854651832580566406e+01 1.105281639099121094e+01
-3.581934738159179688e+01 3.288877105712890625e+01 -2.496052980422973633e-01 -1.473089504241943359e+01 1.520782756805419922e+01 1.400437927246093750e+01
-3.593706130981445312e+01 3.589930343627929688e+01 -3.141776323318481445e-01 -1.338428783416748047e+01 1.242224979400634766e+01 1.566320991516113281e+01
-3.471109008789062500e+01 3.700206756591796875e+01 -2.244620621204376221e-01 -1.222781276702880859e+01 1.005752849578857422e+01 1.438421249389648438e+01
-3.266141891479492188e+01 3.864845275878906250e+01 -2.168979942798614502e-01 -1.273283767700195312e+01 8.523558616638183594e+00 1.422557830810546875e+01
-1.886824226379394531e+01 3.962408828735351562e+01 -1.065171416848897934e-02 -1.768662071228027344e+01 5.159705162048339844e+00 1.381855964660644531e+01
-1.265170574188232422e+01 3.816539382934570312e+01 1.906306028366088867e+00 -2.103435134887695312e+01 5.908692359924316406e+00 1.151045989990234375e+01
-7.997226715087890625e+00 3.491019058227539062e+01 3.663401365280151367e+00 -2.559941673278808594e+01 9.146546363830566406e+00 9.502304077148437500e+00
-5.164043426513671875e+00 3.041064262390136719e+01 5.800814151763916016e+00 -2.967590141296386719e+01 1.344759464263916016e+01 7.786165237426757812e+00
-5.381694793701171875e+00 2.617455863952636719e+01 8.424771308898925781e+00 -3.253586959838867188e+01 1.937458992004394531e+01 6.033982276916503906e+00
-3.602104902267456055e+00 2.145074272155761719e+01 6.983108997344970703e+00 -3.664222335815429688e+01 2.419561004638671875e+01 4.841078758239746094e+00
-4.301352977752685547e+00 1.800739097595214844e+01 7.977160930633544922e+00 -4.155613327026367188e+01 2.774889564514160156e+01 2.550528287887573242e+00
-4.217803478240966797e+00 1.549566841125488281e+01 1.013522720336914062e+01 -4.405924606323242188e+01 3.281288146972656250e+01 1.698844671249389648e+00
-3.329840898513793945e+00 1.064775085449218750e+01 1.135759544372558594e+01 -4.448363494873046875e+01 3.726734542846679688e+01 -3.345692157745361328e-02
-2.976282358169555664e+00 7.528857707977294922e+00 1.264831161499023438e+01 -4.211830902099609375e+01 4.115608596801757812e+01 -4.893457889556884766e-02
-9.666964530944824219e+00 -3.073347918689250946e-02 1.402042675018310547e+01 -3.841493606567382812e+01 5.105187988281250000e+01 2.651713132858276367e+00
-1.227349948883056641e+01 -2.590709626674652100e-01 1.561404323577880859e+01 -3.253398513793945312e+01 5.014750671386718750e+01 1.387100934982299805e+00
-1.505443286895751953e+01 -1.102270707488059998e-01 1.426572704315185547e+01 -2.533817291259765625e+01 4.883240509033203125e+01 2.662693023681640625e+00
-1.718555259704589844e+01 1.866596937179565430e-01 1.287993335723876953e+01 -1.989760398864746094e+01 4.503845214843750000e+01 2.230147123336791992e+00
-1.913844871520996094e+01 3.004701614379882812e+00 1.266299057006835938e+01 -1.881136131286621094e+01 3.967888641357421875e+01 -6.394791882485151291e-03
-3.079316139221191406e+01 1.158824920654296875e+01 9.284495353698730469e+00 -1.641118240356445312e+01 3.831096649169921875e+01 1.316007137298583984e+00
-3.236333847045898438e+01 1.485075187683105469e+01 6.452248573303222656e+00 -1.096235466003417969e+01 3.437818145751953125e+01 4.227667808532714844e+00
-3.356443023681640625e+01 1.955222892761230469e+01 3.371812105178833008e+00 -6.633680820465087891e+00 2.885120391845703125e+01 7.678569793701171875e+00
-3.460928726196289062e+01 2.428922843933105469e+01 1.104867696762084961e+00 -4.485949993133544922e+00 2.318186950683593750e+01 8.194326400756835938e+00
-3.549277114868164062e+01 2.852350425720214844e+01 -1.128628030419349670e-01 -4.852047920227050781e+00 1.867774391174316406e+01 8.899217605590820312e+00
-3.483153915405273438e+01 3.518465423583984375e+01 -3.529035747051239014e-01 -1.174590587615966797e+01 1.214124965667724609e+01 1.152348327636718750e+01
-3.443687057495117188e+01 3.823855972290039062e+01 -4.543073177337646484e-01 -1.400428295135498047e+01 1.030637264251708984e+01 1.280355262756347656e+01
-3.292435836791992188e+01 4.106372451782226562e+01 -6.155919432640075684e-01 -1.626914596557617188e+01 7.814491748809814453e+00 1.353687858581542969e+01
-3.018003273010253906e+01 4.263116073608398438e+01 -6.438733935356140137e-01 -1.804392433166503906e+01 6.880663394927978516e+00 1.530506896972656250e+01
-2.841875267028808594e+01 4.403804016113281250e+01 -6.530807018280029297e-01 -1.949614143371582031e+01 6.343557834625244141e+00 1.597230911254882812e+01
-2.195657920837402344e+01 4.421330261230468750e+01 -6.906201243400573730e-01 -2.574099731445312500e+01 4.787521839141845703e+00 1.426212310791015625e+01
-1.835699462890625000e+01 4.065852355957031250e+01 -3.822203874588012695e-01 -2.912373924255371094e+01 6.805664539337158203e+00 1.267622184753417969e+01
-1.541787719726562500e+01 3.574053955078125000e+01 5.005318522453308105e-01 -3.084465599060058594e+01 1.130728626251220703e+01 1.017903709411621094e+01
-1.356134700775146484e+01 3.019710159301757812e+01 3.379308462142944336e+00 -3.199557304382324219e+01 1.578632259368896484e+01 9.746919631958007812e+00
-1.226324272155761719e+01 2.582122039794921875e+01 5.525174617767333984e+00 -3.199798393249511719e+01 2.135503387451171875e+01 8.225303649902343750e+00
-1.067582130432128906e+01 2.250083732604980469e+01 8.047019004821777344e+00 -3.835243988037109375e+01 2.395282363891601562e+01 4.138767242431640625e+00
-6.712571620941162109e+00 1.812014961242675781e+01 1.020725727081298828e+01 -4.267258453369140625e+01 2.997866249084472656e+01 3.437700748443603516e+00
-4.970404148101806641e+00 1.244937515258789062e+01 1.220196819305419922e+01 -4.363044357299804688e+01 3.660204315185546875e+01 2.048856496810913086e+00
-3.760653734207153320e+00 6.585171222686767578e+00 1.513679790496826172e+01 -4.260530853271484375e+01 4.248052597045898438e+01 2.686226844787597656e+00
-4.191558837890625000e+00 1.282118320465087891e+00 1.648633384704589844e+01 -3.999280929565429688e+01 4.820883941650390625e+01 2.033009290695190430e+00
-7.685296535491943359e+00 -2.634189128875732422e-01 1.712923431396484375e+01 -2.511296844482421875e+01 4.900374221801757812e+01 3.769581317901611328e+00
-9.681859016418457031e+00 -2.195733636617660522e-01 1.515533447265625000e+01 -1.757904815673828125e+01 4.796174621582031250e+01 5.186666011810302734e+00
-1.342637920379638672e+01 -1.296250075101852417e-01 1.091579532623291016e+01 -1.306491565704345703e+01 4.360482025146484375e+01 6.120623588562011719e+00
-1.836715507507324219e+01 3.812288761138916016e+00 8.290301322937011719e+00 -1.061932468414306641e+01 3.917901229858398438e+01 4.568372249603271484e+00
-2.192688560485839844e+01 8.265361785888671875e+00 6.261676788330078125e+00 -1.117950248718261719e+01 3.338497161865234375e+01 3.679583549499511719e+00
-2.576054191589355469e+01 1.290120124816894531e+01 6.289806842803955078e+00 -1.365201568603515625e+01 3.148767089843750000e+01 2.221756935119628906e+00
-3.221541213989257812e+01 1.662274169921875000e+01 4.445473194122314453e+00 -1.325425434112548828e+01 2.942904090881347656e+01 4.269515991210937500e+00
-3.678722763061523438e+01 2.098007774353027344e+01 3.245609998703002930e+00 -1.232996273040771484e+01 2.693974304199218750e+01 5.674019813537597656e+00
-3.817340469360351562e+01 2.558377265930175781e+01 2.890173673629760742e+00 -1.175838947296142578e+01 2.369651222229003906e+01 7.203686714172363281e+00
-3.694960403442382812e+01 2.954704475402832031e+01 2.216738462448120117e+00 -1.042880535125732422e+01 1.993825721740722656e+01 8.019052505493164062e+00
-3.666552352905273438e+01 3.155489921569824219e+01 1.837632179260253906e+00 -8.694731712341308594e+00 1.659577178955078125e+01 9.374572753906250000e+00
-3.516565322875976562e+01 3.410118865966796875e+01 1.274626016616821289e+00 -9.296208381652832031e+00 1.464635753631591797e+01 1.147238349914550781e+01
-3.213340377807617188e+01 3.589683151245117188e+01 1.402340650558471680e+00 -9.013958930969238281e+00 1.123418617248535156e+01 1.182947158813476562e+01
-2.844972801208496094e+01 3.790520477294921875e+01 1.729346990585327148e+00 -9.875852584838867188e+00 9.479866981506347656e+00 1.230662059783935547e+01
-2.659435081481933594e+01 3.802082824707031250e+01 2.317950963973999023e+00 -1.214942264556884766e+01 7.803071498870849609e+00 1.205252933502197266e+01
-1.954036903381347656e+01 3.602561950683593750e+01 1.552834749221801758e+00 -1.889283943176269531e+01 9.511170387268066406e+00 1.220903491973876953e+01
-1.647908592224121094e+01 3.545438003540039062e+01 1.584600210189819336e+00 -2.356198310852050781e+01 9.983757972717285156e+00 1.103863334655761719e+01
-1.399172401428222656e+01 3.424209594726562500e+01 1.271211862564086914e+00 -2.891270446777343750e+01 1.219781970977783203e+01 8.864101409912109375e+00
-1.313070106506347656e+01 3.136909675598144531e+01 3.152109861373901367e+00 -3.352452087402343750e+01 1.564384365081787109e+01 7.442378997802734375e+00
-1.177728462219238281e+01 2.719506263732910156e+01 4.458801269531250000e+00 -3.669506072998046875e+01 2.099248123168945312e+01 6.571403503417968750e+00
-1.160527896881103516e+01 2.347647857666015625e+01 6.233295440673828125e+00 -4.025814437866210938e+01 2.602129745483398438e+01 5.010596275329589844e+00
-8.979830741882324219e+00 2.088405227661132812e+01 8.108492851257324219e+00 -3.852444839477539062e+01 2.838862991333007812e+01 4.390686035156250000e+00
-7.043569087982177734e+00 1.854516220092773438e+01 9.297715187072753906e+00 -3.643415451049804688e+01 3.156980133056640625e+01 4.591039657592773438e+00
-6.854381561279296875e+00 1.498280525207519531e+01 1.050957393646240234e+01 -3.344454574584960938e+01 3.341690826416015625e+01 3.797240257263183594e+00
-8.438860893249511719e+00 1.253785514831542969e+01 1.037775707244873047e+01 -3.041267204284667969e+01 3.513291549682617188e+01 4.060068130493164062e+00
-9.971985816955566406e+00 9.665260314941406250e+00 1.286198711395263672e+01 -2.731178665161132812e+01 3.747673034667968750e+01 5.674906730651855469e+00
-1.029959487915039062e+01 8.107740402221679688e+00 1.260484123229980469e+01 -2.304309654235839844e+01 3.737511825561523438e+01 4.590790748596191406e+00
-1.236841487884521484e+01 8.674036026000976562e+00 1.135634326934814453e+01 -2.033955574035644531e+01 3.676781463623046875e+01 4.843789100646972656e+00
-1.591794109344482422e+01 9.836694717407226562e+00 9.262605667114257812e+00 -1.876184654235839844e+01 3.540615844726562500e+01 4.550018787384033203e+00
-2.045149612426757812e+01 1.210684204101562500e+01 7.433243274688720703e+00 -1.825232505798339844e+01 3.307436752319335938e+01 4.644241333007812500e+00
-2.806772804260253906e+01 1.566872215270996094e+01 5.539190769195556641e+00 -2.001619720458984375e+01 3.478155899047851562e+01 3.629298210144042969e+00
-3.109347343444824219e+01 1.832919883728027344e+01 4.571719169616699219e+00 -1.868628120422363281e+01 3.308360671997070312e+01 4.240051269531250000e+00
-3.356769943237304688e+01 2.078547859191894531e+01 4.588370323181152344e+00 -1.734294319152832031e+01 3.013976097106933594e+01 5.265251636505126953e+00
-3.394502258300781250e+01 2.425788879394531250e+01 3.199218034744262695e+00 -1.683814048767089844e+01 2.701407814025878906e+01 7.124745368957519531e+00
-3.290656661987304688e+01 2.769389533996582031e+01 2.287390947341918945e+00 -1.778275489807128906e+01 2.425732803344726562e+01 8.622912406921386719e+00
-3.020979309082031250e+01 3.125948143005371094e+01 2.971428632736206055e+00 -1.502827167510986328e+01 2.128017425537109375e+01 9.558097839355468750e+00
-2.922810935974121094e+01 3.299102020263671875e+01 2.817505598068237305e+00 -1.325319862365722656e+01 1.986844635009765625e+01 1.118235397338867188e+01
-2.669077491760253906e+01 3.322564697265625000e+01 3.529991865158081055e+00 -1.171394443511962891e+01 1.780236053466796875e+01 1.112956619262695312e+01
-2.358328056335449219e+01 3.342129898071289062e+01 3.395395994186401367e+00 -1.228822517395019531e+01 1.623924446105957031e+01 1.087819862365722656e+01
-2.173090171813964844e+01 3.365050888061523438e+01 2.192858457565307617e+00 -1.510042285919189453e+01 1.566427707672119141e+01 1.068011474609375000e+01
-2.173961067199707031e+01 3.360506439208984375e+01 -9.638779610395431519e-02 -2.014894294738769531e+01 1.530306529998779297e+01 9.823560714721679688e+00
-2.090267753601074219e+01 3.377990722656250000e+01 -6.789372861385345459e-02 -2.246039009094238281e+01 1.517125415802001953e+01 9.219127655029296875e+00
-1.912793540954589844e+01 3.163371467590332031e+01 1.223986387252807617e+00 -2.603486061096191406e+01 1.630754089355468750e+01 7.743642807006835938e+00
-1.824296379089355469e+01 3.030001258850097656e+01 2.816607236862182617e+00 -2.908250236511230469e+01 1.782348060607910156e+01 7.759086608886718750e+00
-1.708809471130371094e+01 2.897688102722167969e+01 3.514132261276245117e+00 -3.106218910217285156e+01 2.086862754821777344e+01 8.288596153259277344e+00
-1.387709999084472656e+01 2.601795768737792969e+01 4.043035984039306641e+00 -3.321926116943359375e+01 2.249010086059570312e+01 6.724697113037109375e+00
-1.304402828216552734e+01 2.347167396545410156e+01 5.924249172210693359e+00 -3.455487060546875000e+01 2.524435424804687500e+01 6.497363090515136719e+00
-1.070194530487060547e+01 2.035320472717285156e+01 7.563035488128662109e+00 -3.433903121948242188e+01 2.786404418945312500e+01 5.723093986511230469e+00
-8.430476188659667969e+00 1.745294761657714844e+01 8.844184875488281250e+00 -3.230533218383789062e+01 3.057634353637695312e+01 5.908457756042480469e+00
-7.230033397674560547e+00 1.476241874694824219e+01 9.959815025329589844e+00 -2.917077445983886719e+01 3.199515533447265625e+01 5.145823478698730469e+00
-1.252768611907958984e+01 1.054367446899414062e+01 9.593390464782714844e+00 -2.595712661743164062e+01 3.602310180664062500e+01 4.625189304351806641e+00
-1.437735271453857422e+01 1.194159889221191406e+01 8.179924964904785156e+00 -2.341528129577636719e+01 3.489735412597656250e+01 4.988857269287109375e+00
-1.809697532653808594e+01 1.374823379516601562e+01 6.869253635406494141e+00 -2.170710754394531250e+01 3.402005767822265625e+01 5.686400413513183594e+00
-2.118594360351562500e+01 1.592286872863769531e+01 6.612841129302978516e+00 -2.138521575927734375e+01 3.274383544921875000e+01 4.764878273010253906e+00
-2.168264198303222656e+01 1.734445762634277344e+01 6.267467975616455078e+00 -2.223994827270507812e+01 3.119536590576171875e+01 3.988934993743896484e+00
-2.584034538269042969e+01 2.083747673034667969e+01 4.870283603668212891e+00 -2.163903999328613281e+01 2.966319656372070312e+01 5.553470134735107422e+00
-2.902305603027343750e+01 2.141611289978027344e+01 4.283986568450927734e+00 -1.930887794494628906e+01 2.892386054992675781e+01 6.834664344787597656e+00
-2.993968582153320312e+01 2.252219200134277344e+01 4.467872142791748047e+00 -1.692787742614746094e+01 2.839970016479492188e+01 7.291497230529785156e+00
-2.972983741760253906e+01 2.359103965759277344e+01 3.903416395187377930e+00 -1.572870635986328125e+01 2.633479118347167969e+01 8.128438949584960938e+00
-2.848486137390136719e+01 2.625206565856933594e+01 3.588718175888061523e+00 -1.506405162811279297e+01 2.476383781433105469e+01 8.713253021240234375e+00
-2.680986022949218750e+01 2.785196495056152344e+01 1.802337408065795898e+00 -1.401655006408691406e+01 2.233888435363769531e+01 8.909830093383789062e+00
-2.742155265808105469e+01 2.962520599365234375e+01 1.590870618820190430e+00 -1.553013896942138672e+01 2.022844696044921875e+01 9.890756607055664062e+00
-2.632334899902343750e+01 3.095238304138183594e+01 2.624654531478881836e+00 -1.729229164123535156e+01 1.773668670654296875e+01 9.326478958129882812e+00
-2.367195701599121094e+01 3.244028472900390625e+01 3.182729482650756836e+00 -1.840732192993164062e+01 1.710063362121582031e+01 9.626379013061523438e+00
-1.974633979797363281e+01 3.165997886657714844e+01 3.709435224533081055e+00 -1.870207214355468750e+01 1.631829833984375000e+01 8.946975708007812500e+00
-1.761843681335449219e+01 2.951936912536621094e+01 4.511308670043945312e+00 -2.298473548889160156e+01 1.677430152893066406e+01 9.134676933288574219e+00
-1.591087341308593750e+01 2.863938331604003906e+01 5.655609607696533203e+00 -2.532953643798828125e+01 1.786187171936035156e+01 8.048989295959472656e+00
-1.345132923126220703e+01 2.643909454345703125e+01 7.248550891876220703e+00 -2.762265586853027344e+01 2.028533363342285156e+01 6.827727317810058594e+00
-1.160172462463378906e+01 2.455112648010253906e+01 7.823479175567626953e+00 -2.922025871276855469e+01 2.321304512023925781e+01 6.781322479248046875e+00
-8.978591918945312500e+00 2.106940078735351562e+01 8.568623542785644531e+00 -2.814729309082031250e+01 2.604191970825195312e+01 6.606575012207031250e+00
-7.836545467376708984e+00 1.726681518554687500e+01 6.754898548126220703e+00 -2.717001152038574219e+01 2.857070541381835938e+01 7.065725326538085938e+00
-1.079083538055419922e+01 1.483015060424804688e+01 7.387689113616943359e+00 -2.819154739379882812e+01 3.030319595336914062e+01 6.464256763458251953e+00
-1.342800617218017578e+01 1.469454002380371094e+01 7.725614070892333984e+00 -2.924522209167480469e+01 3.180773925781250000e+01 6.974479675292968750e+00
-1.579986763000488281e+01 1.451432037353515625e+01 7.086181163787841797e+00 -2.868064880371093750e+01 3.345627593994140625e+01 5.824550151824951172e+00
-1.571798419952392578e+01 1.294653511047363281e+01 7.150626659393310547e+00 -2.560384559631347656e+01 3.275400543212890625e+01 6.057901382446289062e+00
-1.760735893249511719e+01 1.570437049865722656e+01 6.619787693023681641e+00 -2.433158111572265625e+01 3.097546768188476562e+01 6.845756530761718750e+00
-1.883354949951171875e+01 1.632954788208007812e+01 6.288169860839843750e+00 -2.353834342956542969e+01 3.013846206665039062e+01 7.399855613708496094e+00
-1.948522949218750000e+01 1.654467201232910156e+01 5.937366962432861328e+00 -2.417834663391113281e+01 2.817494964599609375e+01 7.053611755371093750e+00
-2.027552604675292969e+01 1.804160881042480469e+01 5.991734027862548828e+00 -2.440967941284179688e+01 2.724152755737304688e+01 6.047140121459960938e+00
-2.077498817443847656e+01 1.804699897766113281e+01 6.336538791656494141e+00 -2.413093566894531250e+01 2.467613220214843750e+01 5.580807685852050781e+00
