-6.115602016448974609e+00 8.152883529663085938e+00 1.299185657501220703e+01 -1.145530796051025391e+01 3.183768081665039062e+01 3.019408702850341797e+00
-5.965749740600585938e+00 6.165558815002441406e+00 1.290802574157714844e+01 -1.543913745880126953e+01 3.227889633178710938e+01 7.098641395568847656e-01
-9.324140548706054688e+00 4.085757732391357422e+00 1.072331237792968750e+01 -1.981904792785644531e+01 3.288586807250976562e+01 -2.254362553358078003e-01
-1.619388198852539062e+01 5.822746276855468750e+00 7.078696727752685547e+00 -2.155188560485839844e+01 3.272374725341796875e+01 3.336532115936279297e-01
-2.486053848266601562e+01 9.821937561035156250e+00 2.978138685226440430e+00 -2.118091011047363281e+01 3.194925689697265625e+01 1.983821630477905273e+00
-3.515148162841796875e+01 1.580180168151855469e+01 -4.589812085032463074e-02 -2.030980491638183594e+01 2.661964035034179688e+01 3.496053695678710938e+00
-4.035379791259765625e+01 2.176054763793945312e+01 -2.389434427022933960e-01 -1.843289947509765625e+01 2.424097824096679688e+01 5.222401618957519531e+00
-4.339960861206054688e+01 2.690010643005371094e+01 -5.930849909782409668e-02 -1.699875068664550781e+01 2.107557487487792969e+01 6.152932167053222656e+00
-4.183147811889648438e+01 3.110935783386230469e+01 1.889102697372436523e+00 -1.591883850097656250e+01 1.864822769165039062e+01 7.190271377563476562e+00
-3.565591430664062500e+01 3.288063430786132812e+01 3.145081758499145508e+00 -1.480862617492675781e+01 1.650551223754882812e+01 8.744369506835937500e+00
-2.916418266296386719e+01 3.181273460388183594e+01 5.718169212341308594e+00 -1.394145965576171875e+01 1.516506099700927734e+01 9.279258728027343750e+00
-2.389123535156250000e+01 3.329843139648437500e+01 4.044455528259277344e+00 -1.476362323760986328e+01 1.404156684875488281e+01 1.142084789276123047e+01
-2.012680053710937500e+01 3.421051025390625000e+01 1.830499410629272461e+00 -1.373804759979248047e+01 1.174867153167724609e+01 1.402548122406005859e+01
-1.711032676696777344e+01 3.447253417968750000e+01 -4.941018298268318176e-02 -1.393855571746826172e+01 9.985442161560058594e+00 1.535418510437011719e+01
-1.531376075744628906e+01 3.367947006225585938e+01 -7.501462101936340332e-02 -1.517435741424560547e+01 9.512330055236816406e+00 1.547729492187500000e+01
-1.177656173706054688e+01 3.110558891296386719e+01 1.584883451461791992e+00 -1.768535423278808594e+01 8.334837913513183594e+00 1.277091884613037109e+01
-1.127223396301269531e+01 2.877395820617675781e+01 1.942146062850952148e+00 -2.315749740600585938e+01 1.035088634490966797e+01 9.824135780334472656e+00
-1.159004592895507812e+01 2.702074813842773438e+01 1.529000043869018555e+00 -2.738310050964355469e+01 1.378440380096435547e+01 9.618574142456054688e+00
-1.195301151275634766e+01 2.410501480102539062e+01 1.815756559371948242e+00 -3.046979141235351562e+01 1.772331809997558594e+01 8.471458435058593750e+00
-1.152682018280029297e+01 2.034281158447265625e+01 3.289802312850952148e+00 -3.208224105834960938e+01 2.133241081237792969e+01 7.002681732177734375e+00
-1.204553890228271484e+01 2.077310752868652344e+01 1.912151098251342773e+00 -3.492278671264648438e+01 2.352147865295410156e+01 5.032581329345703125e+00
-1.230235099792480469e+01 1.875794029235839844e+01 2.193749189376831055e+00 -3.662451171875000000e+01 2.627516555786132812e+01 2.706097602844238281e+00
-1.198983669281005859e+01 1.689286041259765625e+01 3.197598218917846680e+00 -3.787427139282226562e+01 2.960588836669921875e+01 1.515540122985839844e+00
-1.236236667633056641e+01 1.421706581115722656e+01 4.172445774078369141e+00 -3.862443542480468750e+01 3.170409393310546875e+01 7.862939834594726562e-01
-1.286033916473388672e+01 1.354410934448242188e+01 5.304743289947509766e+00 -3.780320358276367188e+01 3.371436691284179688e+01 1.206328392028808594e+00
-1.437407588958740234e+01 9.700065612792968750e+00 6.967923641204833984e+00 -3.200622558593750000e+01 3.373654174804687500e+01 3.494634628295898438e+00
-1.602871131896972656e+01 9.315643310546875000e+00 6.485431671142578125e+00 -2.731435012817382812e+01 3.334015655517578125e+01 3.350317001342773438e+00
-1.787822341918945312e+01 9.517763137817382812e+00 5.307544231414794922e+00 -2.329909896850585938e+01 3.301568984985351562e+01 4.142017364501953125e+00
-2.069677162170410156e+01 1.068776512145996094e+01 4.116240501403808594e+00 -2.071668624877929688e+01 3.163824844360351562e+01 3.866661071777343750e+00
-2.493980979919433594e+01 1.467268180847167969e+01 3.363294839859008789e+00 -1.933116912841796875e+01 3.017262458801269531e+01 4.744342803955078125e+00
-2.958648490905761719e+01 2.000534629821777344e+01 3.000487565994262695e+00 -1.304293346405029297e+01 2.350494956970214844e+01 6.404221057891845703e+00
-3.183006858825683594e+01 2.195077323913574219e+01 2.760770559310913086e+00 -1.221291446685791016e+01 2.142502784729003906e+01 6.506168842315673828e+00
-3.400129699707031250e+01 2.574491500854492188e+01 2.713263273239135742e+00 -1.274185466766357422e+01 1.896838378906250000e+01 7.576360702514648438e+00
-3.507118988037109375e+01 2.817131042480468750e+01 1.827823400497436523e+00 -1.333375740051269531e+01 1.705915069580078125e+01 7.861587524414062500e+00
-3.628512191772460938e+01 2.975236701965332031e+01 1.308397054672241211e+00 -1.496272277832031250e+01 1.493428897857666016e+01 7.947696685791015625e+00
-3.354338073730468750e+01 3.009739112854003906e+01 1.179016351699829102e+00 -1.494800281524658203e+01 1.397478771209716797e+01 8.793948173522949219e+00
-3.229462051391601562e+01 3.076398658752441406e+01 9.650570750236511230e-01 -1.614302062988281250e+01 1.410228252410888672e+01 8.746802330017089844e+00
-3.094396781921386719e+01 3.123296546936035156e+01 7.548739314079284668e-01 -1.728383827209472656e+01 1.503899860382080078e+01 8.336232185363769531e+00
-2.870011329650878906e+01 2.968001747131347656e+01 1.937835454940795898e+00 -1.766869354248046875e+01 1.588499546051025391e+01 8.337698936462402344e+00
-2.626288795471191406e+01 2.769004249572753906e+01 3.174179792404174805e+00 -1.862118530273437500e+01 1.753721237182617188e+01 8.582196235656738281e+00
-2.362370109558105469e+01 3.042406082153320312e+01 1.255163431167602539e+00 -2.325214004516601562e+01 1.807087326049804688e+01 6.958353042602539062e+00
-1.951066589355468750e+01 3.007694053649902344e+01 3.231344938278198242e+00 -2.384186553955078125e+01 1.750381469726562500e+01 6.481283187866210938e+00
-1.460144042968750000e+01 2.923277091979980469e+01 5.105135917663574219e+00 -2.525927734375000000e+01 1.776918220520019531e+01 6.987466812133789062e+00
-1.091770935058593750e+01 2.712273979187011719e+01 5.814531326293945312e+00 -2.559239006042480469e+01 1.907678222656250000e+01 9.776702880859375000e+00
-9.095909118652343750e+00 2.452887344360351562e+01 5.996712684631347656e+00 -2.537995338439941406e+01 2.127999496459960938e+01 1.129809951782226562e+01
-7.813195705413818359e+00 2.021837615966796875e+01 5.332420825958251953e+00 -2.986825942993164062e+01 2.523601150512695312e+01 9.662405967712402344e+00
-7.743539333343505859e+00 1.934139442443847656e+01 6.317859172821044922e+00 -3.167137527465820312e+01 2.678295326232910156e+01 9.180697441101074219e+00
-8.166646003723144531e+00 1.902575111389160156e+01 6.207101345062255859e+00 -3.306880569458007812e+01 2.769144821166992188e+01 7.973793983459472656e+00
-8.691089630126953125e+00 1.820642089843750000e+01 6.197331428527832031e+00 -3.351217651367187500e+01 2.879739379882812500e+01 6.169376373291015625e+00
-9.574704170227050781e+00 1.713275146484375000e+01 6.106253623962402344e+00 -3.371253204345703125e+01 2.939323043823242188e+01 5.515828132629394531e+00
-1.242791843414306641e+01 1.228367805480957031e+01 4.975389957427978516e+00 -3.172044372558593750e+01 3.304673004150390625e+01 2.149016857147216797e+00
-1.700527191162109375e+01 1.294861412048339844e+01 4.239131450653076172e+00 -2.801074790954589844e+01 3.221873092651367188e+01 2.263716220855712891e+00
-2.185138702392578125e+01 1.470627212524414062e+01 2.820812702178955078e+00 -2.560601234436035156e+01 3.097731018066406250e+01 4.117189884185791016e+00
-2.623507499694824219e+01 1.790178298950195312e+01 1.061777353286743164e+00 -2.268533515930175781e+01 2.841771507263183594e+01 6.341078281402587891e+00
-2.894651603698730469e+01 2.166782760620117188e+01 5.146328806877136230e-01 -2.006060981750488281e+01 2.470745086669921875e+01 8.277744293212890625e+00
-3.205940628051757812e+01 2.913989257812500000e+01 -7.141783833503723145e-02 -1.767498016357421875e+01 1.871542358398437500e+01 8.367481231689453125e+00
-3.206984710693359375e+01 3.006488037109375000e+01 -2.658087015151977539e-01 -1.668182945251464844e+01 1.690811157226562500e+01 8.712260246276855469e+00
-3.224647521972656250e+01 3.123260307312011719e+01 -3.968614935874938965e-01 -1.548159980773925781e+01 1.624695587158203125e+01 9.874476432800292969e+00
-3.261510467529296875e+01 3.226836776733398438e+01 -4.650736451148986816e-01 -1.603942108154296875e+01 1.513221263885498047e+01 1.156806564331054688e+01
-3.274415206909179688e+01 3.447811508178710938e+01 -4.936014711856842041e-01 -1.585321807861328125e+01 1.484502696990966797e+01 1.275426864624023438e+01
-2.603895950317382812e+01 3.801205825805664062e+01 -1.264260560274124146e-01 -1.932976341247558594e+01 7.849364757537841797e+00 1.384510707855224609e+01
-1.906413841247558594e+01 3.426443099975585938e+01 1.419430971145629883e+00 -1.985095024108886719e+01 9.337215423583984375e+00 1.335400485992431641e+01
-1.543685913085937500e+01 3.025537872314453125e+01 3.848044633865356445e+00 -2.007793998718261719e+01 1.218114852905273438e+01 1.119764804840087891e+01
-1.521420574188232422e+01 2.543381118774414062e+01 4.607227325439453125e+00 -2.157473564147949219e+01 1.530938243865966797e+01 7.800862312316894531e+00
-1.756632995605468750e+01 2.088806533813476562e+01 4.898278236389160156e+00 -2.390264701843261719e+01 1.944009780883789062e+01 4.485098838806152344e+00
-1.866891479492187500e+01 1.951097297668457031e+01 1.378763914108276367e+00 -2.353219985961914062e+01 2.245922470092773438e+01 5.641933441162109375e+00
-1.951306724548339844e+01 2.179491043090820312e+01 1.227534055709838867e+00 -2.659328079223632812e+01 2.302897262573242188e+01 4.525053024291992188e+00
-1.992928886413574219e+01 2.195839118957519531e+01 3.116394758224487305e+00 -2.930580711364746094e+01 2.475057601928710938e+01 2.610698699951171875e+00
-1.833813476562500000e+01 2.199113464355468750e+01 4.621565341949462891e+00 -3.182457351684570312e+01 2.630766296386718750e+01 3.029304504394531250e+00
-1.558921527862548828e+01 2.123903083801269531e+01 6.095579624176025391e+00 -3.267772293090820312e+01 2.856419372558593750e+01 4.291130065917968750e+00
-1.365510463714599609e+01 1.732728958129882812e+01 9.295554161071777344e+00 -3.163967704772949219e+01 3.471002578735351562e+01 9.788098335266113281e-01
-1.172569847106933594e+01 1.438731384277343750e+01 1.104246807098388672e+01 -2.987521362304687500e+01 3.754663085937500000e+01 1.009486675262451172e+00
-1.077272319793701172e+01 1.217728042602539062e+01 1.058295917510986328e+01 -2.678691482543945312e+01 3.751351928710937500e+01 2.872093677520751953e+00
-1.086049938201904297e+01 1.114119148254394531e+01 8.604977607727050781e+00 -2.301767539978027344e+01 3.670404434204101562e+01 3.546858310699462891e+00
-1.348988819122314453e+01 1.119493865966796875e+01 6.512618541717529297e+00 -2.050084686279296875e+01 3.426457214355468750e+01 3.850683689117431641e+00
-2.390309333801269531e+01 1.459606742858886719e+01 6.082847118377685547e+00 -1.644777488708496094e+01 2.921221542358398438e+01 4.918801307678222656e+00
-2.634224319458007812e+01 1.618665695190429688e+01 3.641665220260620117e+00 -1.370969104766845703e+01 2.907015991210937500e+01 6.221844673156738281e+00
-2.837041282653808594e+01 1.637442970275878906e+01 5.777518153190612793e-01 -1.348626899719238281e+01 2.654488372802734375e+01 5.885743141174316406e+00
-3.062465286254882812e+01 2.025368499755859375e+01 -4.051163792610168457e-02 -1.425428676605224609e+01 2.462247467041015625e+01 5.402968406677246094e+00
-3.156277465820312500e+01 2.390660285949707031e+01 -1.701222658157348633e-01 -1.575796413421630859e+01 2.210972595214843750e+01 5.890940666198730469e+00
-3.357455444335937500e+01 3.003842735290527344e+01 -8.147719502449035645e-02 -1.526335334777832031e+01 1.855187988281250000e+01 1.105131721496582031e+01
-3.582403564453125000e+01 3.288876724243164062e+01 -2.495480775833129883e-01 -1.473067951202392578e+01 1.521280574798583984e+01 1.400371932983398438e+01
-3.594194030761718750e+01 3.590026855468750000e+01 -3.141463696956634521e-01 -1.338315582275390625e+01 1.242622661590576172e+01 1.566301727294921875e+01
-3.471574020385742188e+01 3.700410079956054688e+01 -2.244344949722290039e-01 -1.222577953338623047e+01 1.006050872802734375e+01 1.438422203063964844e+01
-3.266561126708984375e+01 3.865124893188476562e+01 -2.168997079133987427e-01 -1.273028087615966797e+01 8.525298118591308594e+00 1.422590255737304688e+01
-1.887190628051757812e+01 3.962731552124023438e+01 -1.071675401180982590e-02 -1.768341255187988281e+01 5.160348892211914062e+00 1.382059955596923828e+01
-1.265529632568359375e+01 3.816955184936523438e+01 1.904902219772338867e+00 -2.103074264526367188e+01 5.908167362213134766e+00 1.151284694671630859e+01
-8.000788688659667969e+00 3.491534423828125000e+01 3.661253690719604492e+00 -2.559575080871582031e+01 9.144853591918945312e+00 9.505230903625488281e+00
-5.167463779449462891e+00 3.041659736633300781e+01 5.798400402069091797e+00 -2.967273902893066406e+01 1.344503402709960938e+01 7.788928031921386719e+00
-5.384968757629394531e+00 2.618126487731933594e+01 8.422257423400878906e+00 -3.253365707397460938e+01 1.937161636352539062e+01 6.036657333374023438e+00
-3.604673862457275391e+00 2.145841026306152344e+01 6.980837345123291016e+00 -3.664147567749023438e+01 2.419227027893066406e+01 4.843791007995605469e+00
-4.303486824035644531e+00 1.801468276977539062e+01 7.975219249725341797e+00 -4.155593490600585938e+01 2.774567794799804688e+01 2.552905321121215820e+00
-4.219532966613769531e+00 1.550261116027832031e+01 1.013355445861816406e+01 -4.405957031250000000e+01 3.280996322631835938e+01 1.701047182083129883e+00
-3.331295013427734375e+00 1.065413093566894531e+01 1.135599040985107422e+01 -4.448437881469726562e+01 3.726491546630859375e+01 -3.326270729303359985e-02
-2.977495431900024414e+00 7.534560680389404297e+00 1.264694976806640625e+01 -4.211926651000976562e+01 4.115401458740234375e+01 -4.877383634448051453e-02
-9.667165756225585938e+00 -3.012242354452610016e-02 1.401956844329833984e+01 -3.841648483276367188e+01 5.104992294311523438e+01 2.652619838714599609e+00
-1.227311992645263672e+01 -2.585467398166656494e-01 1.561345386505126953e+01 -3.253609848022460938e+01 5.014613723754882812e+01 1.387758255004882812e+00
-1.505370235443115234e+01 -1.098082587122917175e-01 1.426553916931152344e+01 -2.534061241149902344e+01 4.883194732666015625e+01 2.662869453430175781e+00
-1.718464469909667969e+01 1.898159980773925781e-01 1.288002014160156250e+01 -1.990033340454101562e+01 4.503879165649414062e+01 2.230168342590332031e+00
-1.913777160644531250e+01 3.007282733917236328e+00 1.266319656372070312e+01 -1.881416511535644531e+01 3.968028640747070312e+01 -6.425190251320600510e-03
-3.079266929626464844e+01 1.158897399902343750e+01 9.285450935363769531e+00 -1.641357040405273438e+01 3.831314849853515625e+01 1.315475940704345703e+00
-3.236319732666015625e+01 1.485017585754394531e+01 6.453617572784423828e+00 -1.096452999114990234e+01 3.438144302368164062e+01 4.226688385009765625e+00
-3.356492233276367188e+01 1.955079078674316406e+01 3.373287439346313477e+00 -6.635408878326416016e+00 2.885541534423828125e+01 7.677458763122558594e+00
-3.461061096191406250e+01 2.428719902038574219e+01 1.106150388717651367e+00 -4.486930370330810547e+00 2.318664741516113281e+01 8.193044662475585938e+00
-3.549496078491210938e+01 2.852118682861328125e+01 -1.127471253275871277e-01 -4.852084159851074219e+00 1.868246078491210938e+01 8.897883415222167969e+00
-3.483497619628906250e+01 3.518269348144531250e+01 -3.528178632259368896e-01 -1.174467372894287109e+01 1.214617824554443359e+01 1.152251625061035156e+01
-3.444058227539062500e+01 3.823739242553710938e+01 -4.542644023895263672e-01 -1.400269508361816406e+01 1.031062984466552734e+01 1.280301666259765625e+01
-3.292813110351562500e+01 4.106325149536132812e+01 -6.155612468719482422e-01 -1.626728820800781250e+01 7.818059444427490234e+00 1.353655815124511719e+01
-3.018362808227539062e+01 4.263137817382812500e+01 -6.438459157943725586e-01 -1.804202079772949219e+01 6.883523464202880859e+00 1.530531311035156250e+01
-2.842207717895507812e+01 4.403889465332031250e+01 -6.530698537826538086e-01 -1.949442863464355469e+01 6.346086978912353516e+00 1.597286224365234375e+01
-2.196033287048339844e+01 4.421389770507812500e+01 -6.906892657279968262e-01 -2.573916435241699219e+01 4.789993762969970703e+00 1.426348686218261719e+01
-1.836117553710937500e+01 4.066019058227539062e+01 -3.823113143444061279e-01 -2.912144279479980469e+01 6.807028293609619141e+00 1.267806053161621094e+01
-1.542199134826660156e+01 3.574340057373046875e+01 4.993507266044616699e-01 -3.084235000610351562e+01 1.130730724334716797e+01 1.018117332458496094e+01
-1.356505489349365234e+01 3.020097923278808594e+01 3.378003835678100586e+00 -3.199354553222656250e+01 1.578539943695068359e+01 9.749081611633300781e+00
-1.226626300811767578e+01 2.582561302185058594e+01 5.523851871490478516e+00 -3.199654960632324219e+01 2.135313224792480469e+01 8.227426528930664062e+00
-1.067658519744873047e+01 2.250570678710937500e+01 8.046536445617675781e+00 -3.835382461547851562e+01 2.395043563842773438e+01 4.139660358428955078e+00
-6.711890697479248047e+00 1.812371826171875000e+01 1.020749568939208984e+01 -4.267549514770507812e+01 2.997747802734375000e+01 3.438073158264160156e+00
-4.968842506408691406e+00 1.245136833190917969e+01 1.220275211334228516e+01 -4.363440322875976562e+01 3.660234069824218750e+01 2.048684358596801758e+00
-3.758791446685791016e+00 6.585510730743408203e+00 1.513790988922119141e+01 -4.260975265502929688e+01 4.248250198364257812e+01 2.685657501220703125e+00
-4.189945220947265625e+00 1.280735015869140625e+00 1.648778343200683594e+01 -3.999709701538085938e+01 4.821228027343750000e+01 2.031898975372314453e+00
-7.685119152069091797e+00 -2.635667324066162109e-01 1.713002014160156250e+01 -2.511602401733398438e+01 4.900784301757812500e+01 3.768943786621093750e+00
-9.681214332580566406e+00 -2.196721583604812622e-01 1.515587902069091797e+01 -1.758162117004394531e+01 4.796554565429687500e+01 5.186528205871582031e+00
-1.342527198791503906e+01 -1.296810954809188843e-01 1.091611003875732422e+01 -1.306688404083251953e+01 4.360820388793945312e+01 6.120791912078857422e+00
-1.836560058593750000e+01 3.811888694763183594e+00 8.290773391723632812e+00 -1.062086963653564453e+01 3.918204116821289062e+01 4.568593978881835938e+00
-2.192508506774902344e+01 8.265110015869140625e+00 6.262156486511230469e+00 -1.118108654022216797e+01 3.338781738281250000e+01 3.679863452911376953e+00
-2.575877380371093750e+01 1.290057563781738281e+01 6.291023254394531250e+00 -1.365398120880126953e+01 3.149076080322265625e+01 2.221558570861816406e+00
-3.221412277221679688e+01 1.662171173095703125e+01 4.446390628814697266e+00 -1.325623035430908203e+01 2.943242263793945312e+01 4.269024848937988281e+00
-3.678685379028320312e+01 2.097888755798339844e+01 3.246085882186889648e+00 -1.233201122283935547e+01 2.694341468811035156e+01 5.673574447631835938e+00
-3.817388153076171875e+01 2.558264541625976562e+01 2.890311956405639648e+00 -1.176048088073730469e+01 2.370024490356445312e+01 7.203124046325683594e+00
-3.695088195800781250e+01 2.954636001586914062e+01 2.216796636581420898e+00 -1.043083858489990234e+01 1.994196319580078125e+01 8.018477439880371094e+00
-3.666755294799804688e+01 3.155492591857910156e+01 1.837961435317993164e+00 -8.696028709411621094e+00 1.659852600097656250e+01 9.373805999755859375e+00
-3.516816711425781250e+01 3.410150909423828125e+01 1.275202751159667969e+00 -9.297251701354980469e+00 1.464914226531982422e+01 1.147161006927490234e+01
-3.213599777221679688e+01 3.589737701416015625e+01 1.403322696685791016e+00 -9.014567375183105469e+00 1.123691749572753906e+01 1.182884979248046875e+01
-2.845218276977539062e+01 3.790606689453125000e+01 1.730421066284179688e+00 -9.875874519348144531e+00 9.482279777526855469e+00 1.230651473999023438e+01
-2.659651184082031250e+01 3.802191162109375000e+01 2.318980693817138672e+00 -1.214884757995605469e+01 7.805158138275146484e+00 1.205294609069824219e+01
-1.954222488403320312e+01 3.602687072753906250e+01 1.552863359451293945e+00 -1.889150619506835938e+01 9.513164520263671875e+00 1.221000862121582031e+01
-1.648093032836914062e+01 3.545592498779296875e+01 1.584595918655395508e+00 -2.356030082702636719e+01 9.985278129577636719e+00 1.103975391387939453e+01
-1.399337768554687500e+01 3.424375915527343750e+01 1.271075010299682617e+00 -2.891112327575683594e+01 1.219891643524169922e+01 8.864940643310546875e+00
-1.313228511810302734e+01 3.137097740173339844e+01 3.152047872543334961e+00 -3.352347564697265625e+01 1.564465045928955078e+01 7.442913055419921875e+00
-1.177874279022216797e+01 2.719725990295410156e+01 4.458699226379394531e+00 -3.669483566284179688e+01 2.099329185485839844e+01 6.571654796600341797e+00
-1.160659790039062500e+01 2.347933197021484375e+01 6.233083248138427734e+00 -4.025958633422851562e+01 2.602176284790039062e+01 5.010967731475830078e+00
-8.980956077575683594e+00 2.088712120056152344e+01 8.108112335205078125e+00 -3.852608871459960938e+01 2.838893890380859375e+01 4.391113758087158203e+00
-7.044453620910644531e+00 1.854837799072265625e+01 9.297320365905761719e+00 -3.643595504760742188e+01 3.157020187377929688e+01 4.591630458831787109e+00
-6.855009555816650391e+00 1.498586654663085938e+01 1.050935077667236328e+01 -3.344644546508789062e+01 3.341738510131835938e+01 3.797973155975341797e+00
-8.439247131347656250e+00 1.254083824157714844e+01 1.037772655487060547e+01 -3.041457176208496094e+01 3.513365173339843750e+01 4.060958385467529297e+00
-9.971720695495605469e+00 9.667572021484375000e+00 1.286251354217529297e+01 -2.731372070312500000e+01 3.747790527343750000e+01 5.675433635711669922e+00
-1.029924488067626953e+01 8.109859466552734375e+00 1.260554599761962891e+01 -2.304526519775390625e+01 3.737659072875976562e+01 4.591194629669189453e+00
-1.236791515350341797e+01 8.675968170166015625e+00 1.135731410980224609e+01 -2.034179878234863281e+01 3.676951217651367188e+01 4.844146728515625000e+00
-1.591727638244628906e+01 9.838373184204101562e+00 9.263658523559570312e+00 -1.876400184631347656e+01 3.540814971923828125e+01 4.550293922424316406e+00
-2.045065116882324219e+01 1.210805892944335938e+01 7.434211254119873047e+00 -1.825423812866210938e+01 3.307651519775390625e+01 4.644457817077636719e+00
-2.806731224060058594e+01 1.566901779174804688e+01 5.539786338806152344e+00 -2.001798820495605469e+01 3.478447723388671875e+01 3.629412651062011719e+00
-3.109374809265136719e+01 1.832936096191406250e+01 4.572320461273193359e+00 -1.868799972534179688e+01 3.308670043945312500e+01 4.239883899688720703e+00
-3.356859970092773438e+01 2.078566360473632812e+01 4.588946342468261719e+00 -1.734454154968261719e+01 3.014298820495605469e+01 5.265105247497558594e+00
-3.394640731811523438e+01 2.425828170776367188e+01 3.199613332748413086e+00 -1.683947563171386719e+01 2.701723480224609375e+01 7.124655723571777344e+00
-3.290814590454101562e+01 2.769465065002441406e+01 2.287769556045532227e+00 -1.778372764587402344e+01 2.426022529602050781e+01 8.622954368591308594e+00
-3.021143531799316406e+01 3.126064109802246094e+01 2.971848249435424805e+00 -1.502855968475341797e+01 2.128277587890625000e+01 9.558153152465820312e+00
-2.922981262207031250e+01 3.299225997924804688e+01 2.817862272262573242e+00 -1.325319385528564453e+01 1.987091445922851562e+01 1.118261718750000000e+01
-2.669251441955566406e+01 3.322697830200195312e+01 3.530279874801635742e+00 -1.171369266510009766e+01 1.780456924438476562e+01 1.112985134124755859e+01
-2.358502388000488281e+01 3.342277526855468750e+01 3.395598173141479492e+00 -1.228792858123779297e+01 1.624117279052734375e+01 1.087860202789306641e+01
-2.173276519775390625e+01 3.365229415893554688e+01 2.192944288253784180e+00 -1.510031032562255859e+01 1.566594219207763672e+01 1.068055534362792969e+01
-2.174171638488769531e+01 3.360717773437500000e+01 -9.639790654182434082e-02 -2.014928817749023438e+01 1.530457782745361328e+01 9.823729515075683594e+00
-2.090463447570800781e+01 3.378202819824218750e+01 -6.789391487836837769e-02 -2.246072387695312500e+01 1.517267513275146484e+01 9.219359397888183594e+00
-1.912965583801269531e+01 3.163579368591308594e+01 1.224098920822143555e+00 -2.603518104553222656e+01 1.630885314941406250e+01 7.743896484375000000e+00
-1.824448776245117188e+01 3.030202293395996094e+01 2.816754102706909180e+00 -2.908283805847167969e+01 1.782468414306640625e+01 7.759525299072265625e+00
-1.708952903747558594e+01 2.897892379760742188e+01 3.514269590377807617e+00 -3.106256675720214844e+01 2.086979484558105469e+01 8.289113998413085938e+00
-1.387811946868896484e+01 2.601987648010253906e+01 4.043001651763916016e+00 -3.321982955932617188e+01 2.249104118347167969e+01 6.725212097167968750e+00
-1.304470539093017578e+01 2.347340202331542969e+01 5.924332141876220703e+00 -3.455562973022460938e+01 2.524538230895996094e+01 6.497822761535644531e+00
-1.070240879058837891e+01 2.035468864440917969e+01 7.563143253326416016e+00 -3.433989715576171875e+01 2.786528968811035156e+01 5.723472118377685547e+00
-8.430893898010253906e+00 1.745414543151855469e+01 8.844379425048828125e+00 -3.230628204345703125e+01 3.057783317565917969e+01 5.908788204193115234e+00
-7.230597972869873047e+00 1.476339149475097656e+01 9.960079193115234375e+00 -2.917178916931152344e+01 3.199694061279296875e+01 5.146018505096435547e+00
-1.252832317352294922e+01 1.054434585571289062e+01 9.593548774719238281e+00 -2.595813369750976562e+01 3.602520370483398438e+01 4.625464439392089844e+00
-1.437787532806396484e+01 1.194227981567382812e+01 8.180064201354980469e+00 -2.341621971130371094e+01 3.489942169189453125e+01 4.989037990570068359e+00
-1.809758949279785156e+01 1.374895095825195312e+01 6.869371891021728516e+00 -2.170798301696777344e+01 3.402223968505859375e+01 5.686562061309814453e+00
-2.118665504455566406e+01 1.592348861694335938e+01 6.613016605377197266e+00 -2.138610076904296875e+01 3.274607849121093750e+01 4.764927864074707031e+00
-2.168338966369628906e+01 1.734502220153808594e+01 6.267704486846923828e+00 -2.224093818664550781e+01 3.119776153564453125e+01 3.988920211791992188e+00
-2.584174156188964844e+01 2.083831596374511719e+01 4.870421886444091797e+00 -2.163983345031738281e+01 2.966585922241210938e+01 5.553623199462890625e+00
-2.902479934692382812e+01 2.141711235046386719e+01 4.284161090850830078e+00 -1.930941200256347656e+01 2.892633628845214844e+01 6.834881782531738281e+00
-2.994150352478027344e+01 2.252344322204589844e+01 4.468088626861572266e+00 -1.692825126647949219e+01 2.840194320678710938e+01 7.291796684265136719e+00
-2.973159217834472656e+01 2.359253501892089844e+01 3.903578519821166992e+00 -1.572900581359863281e+01 2.633674621582031250e+01 8.128784179687500000e+00
-2.848645591735839844e+01 2.625381851196289062e+01 3.588856458663940430e+00 -1.506434822082519531e+01 2.476548004150390625e+01 8.713639259338378906e+00
-2.681120681762695312e+01 2.785409355163574219e+01 1.802546739578247070e+00 -1.401712226867675781e+01 2.234027290344238281e+01 8.910255432128906250e+00
-2.742279434204101562e+01 2.962737274169921875e+01 1.591024160385131836e+00 -1.553097057342529297e+01 2.022983741760253906e+01 9.891195297241210938e+00
-2.632440567016601562e+01 3.095448493957519531e+01 2.624861478805541992e+00 -1.729336166381835938e+01 1.773804473876953125e+01 9.326866149902343750e+00
-2.367275619506835938e+01 3.244235992431640625e+01 3.182976007461547852e+00 -1.840855979919433594e+01 1.710209274291992188e+01 9.626700401306152344e+00
-1.974686241149902344e+01 3.166184806823730469e+01 3.709743738174438477e+00 -1.870335960388183594e+01 1.631984901428222656e+01 8.947268486022949219e+00
-1.761876487731933594e+01 2.952118492126464844e+01 4.511685848236083984e+00 -2.298640251159667969e+01 1.677562141418457031e+01 9.135134696960449219e+00
-1.591098022460937500e+01 2.864097404479980469e+01 5.656181335449218750e+00 -2.533139610290527344e+01 1.786337661743164062e+01 8.049363136291503906e+00
-1.345114421844482422e+01 2.644039726257324219e+01 7.249329090118408203e+00 -2.762467384338378906e+01 2.028710365295410156e+01 6.827981948852539062e+00
-1.160129165649414062e+01 2.455213356018066406e+01 7.824317455291748047e+00 -2.922231101989746094e+01 2.321510314941406250e+01 6.781569480895996094e+00
-8.977941513061523438e+00 2.106995964050292969e+01 8.569523811340332031e+00 -2.814925003051757812e+01 2.604420471191406250e+01 6.606744766235351562e+00
-7.835977077484130859e+00 1.726660156250000000e+01 6.755478858947753906e+00 -2.717175292968750000e+01 2.857346343994140625e+01 7.065886497497558594e+00
-1.079075431823730469e+01 1.482986259460449219e+01 7.388363361358642578e+00 -2.819337463378906250e+01 3.030603790283203125e+01 6.464282989501953125e+00
-1.342841243743896484e+01 1.469434547424316406e+01 7.726372241973876953e+00 -2.924707412719726562e+01 3.181063842773437500e+01 6.974573135375976562e+00
-1.580070209503173828e+01 1.451434516906738281e+01 7.086819171905517578e+00 -2.868236732482910156e+01 3.345920562744140625e+01 5.824744701385498047e+00
-1.571899414062500000e+01 1.294666481018066406e+01 7.151189327239990234e+00 -2.560515785217285156e+01 3.275677871704101562e+01 6.058243751525878906e+00
-1.760848999023437500e+01 1.570488548278808594e+01 6.620155811309814453e+00 -2.433222389221191406e+01 3.097784042358398438e+01 6.846075057983398438e+00
-1.883477401733398438e+01 1.633020973205566406e+01 6.288456439971923828e+00 -2.353885269165039062e+01 3.014060211181640625e+01 7.400342941284179688e+00
-1.948642539978027344e+01 1.654550933837890625e+01 5.937579154968261719e+00 -2.417888450622558594e+01 2.817667579650878906e+01 7.054099082946777344e+00
-2.027664756774902344e+01 1.804269981384277344e+01 5.991908550262451172e+00 -2.441033363342285156e+01 2.724301147460937500e+01 6.047544479370117188e+00
-2.077596855163574219e+01 1.804811286926269531e+01 6.336694240570068359e+00 -2.413175773620605469e+01 2.467728424072265625e+01 5.581077575683593750e+00
