-5.398540496826171875e+00 7.250371456146240234e+00 1.428440952301025391e+01 -1.079506969451904297e+01 3.070570182800292969e+01 2.557008981704711914e+00
-4.605777263641357422e+00 4.606471538543701172e+00 1.481434631347656250e+01 -1.388462829589843750e+01 3.138183212280273438e+01 4.149627685546875000e-01
-7.437424659729003906e+00 1.975591182708740234e+00 1.300881481170654297e+01 -1.728154182434082031e+01 3.198801040649414062e+01 -2.428074628114700317e-01
-1.399939632415771484e+01 3.279898166656494141e+00 9.300403594970703125e+00 -1.842044448852539062e+01 3.181492996215820312e+01 -2.678918885067105293e-03
-2.310607719421386719e+01 6.962488651275634766e+00 5.004252910614013672e+00 -1.778512573242187500e+01 3.081616592407226562e+01 1.390368938446044922e+00
-3.386454391479492188e+01 1.099550437927246094e+01 6.024447083473205566e-01 -1.592768764495849609e+01 2.571737861633300781e+01 2.973427772521972656e+00
-4.075032424926757812e+01 1.731055641174316406e+01 -2.496520727872848511e-01 -1.469835662841796875e+01 2.267695236206054688e+01 4.704134941101074219e+00
-4.600328063964843750e+01 2.350324058532714844e+01 -1.643024533987045288e-01 -1.447663879394531250e+01 1.890335273742675781e+01 5.492612838745117188e+00
-4.628957748413085938e+01 2.887852668762207031e+01 4.368228316307067871e-01 -1.465443420410156250e+01 1.603533935546875000e+01 6.563884735107421875e+00
-4.083507156372070312e+01 3.164038658142089844e+01 1.710476398468017578e+00 -1.452547359466552734e+01 1.354356861114501953e+01 8.173046112060546875e+00
-3.429665756225585938e+01 3.277328109741210938e+01 4.513520240783691406e+00 -1.508070564270019531e+01 1.288069343566894531e+01 8.606153488159179688e+00
-2.735722351074218750e+01 3.507681274414062500e+01 4.312703609466552734e+00 -1.534888362884521484e+01 1.157552909851074219e+01 1.116226577758789062e+01
-1.997983169555664062e+01 3.624301147460937500e+01 3.531699895858764648e+00 -1.252174186706542969e+01 8.816854476928710938e+00 1.456793689727783203e+01
-1.312810420989990234e+01 3.599376296997070312e+01 2.039987325668334961e+00 -1.072871303558349609e+01 6.544351100921630859e+00 1.677800369262695312e+01
-9.046107292175292969e+00 3.409032440185546875e+01 2.116230726242065430e+00 -1.014719581604003906e+01 5.318006038665771484e+00 1.724589157104492188e+01
-6.073895454406738281e+00 3.179865455627441406e+01 2.733697652816772461e+00 -1.147744464874267578e+01 3.162239551544189453e+00 1.513428115844726562e+01
-6.717730045318603516e+00 2.930035972595214844e+01 2.178146123886108398e+00 -1.730032348632812500e+01 4.908488750457763672e+00 1.179355144500732422e+01
-9.123337745666503906e+00 2.748321342468261719e+01 7.772166132926940918e-01 -2.298701286315917969e+01 8.280290603637695312e+00 1.093734264373779297e+01
-1.168362236022949219e+01 2.514552688598632812e+01 5.637418627738952637e-01 -2.780619812011718750e+01 1.230087375640869141e+01 9.051084518432617188e+00
-1.214300823211669922e+01 2.221018600463867188e+01 1.887220144271850586e+00 -3.116820335388183594e+01 1.637174987792968750e+01 7.051394462585449219e+00
-1.235186481475830078e+01 2.331562995910644531e+01 3.725573420524597168e-01 -3.762392425537109375e+01 1.845452690124511719e+01 5.170135021209716797e+00
-1.231966781616210938e+01 2.085980033874511719e+01 8.994662165641784668e-01 -4.065217208862304688e+01 2.204910850524902344e+01 2.958605289459228516e+00
-1.145257472991943359e+01 1.822757911682128906e+01 2.773924112319946289e+00 -4.214248275756835938e+01 2.644570350646972656e+01 1.626502513885498047e+00
-1.086519718170166016e+01 1.452047348022460938e+01 4.484901905059814453e+00 -4.252122116088867188e+01 2.946201324462890625e+01 1.314637660980224609e+00
-1.024240207672119141e+01 1.258616828918457031e+01 5.965811252593994141e+00 -4.093563461303710938e+01 3.259117889404296875e+01 1.813003063201904297e+00
-9.829067230224609375e+00 7.243111133575439453e+00 7.721189975738525391e+00 -3.419299316406250000e+01 3.238182830810546875e+01 5.500286579132080078e+00
-1.102948284149169922e+01 5.931479454040527344e+00 7.759215831756591797e+00 -2.966552162170410156e+01 3.238919830322265625e+01 4.877939701080322266e+00
-1.313660335540771484e+01 5.868101119995117188e+00 6.451179027557373047e+00 -2.584776306152343750e+01 3.281766510009765625e+01 5.722717761993408203e+00
-1.679980468750000000e+01 6.350655555725097656e+00 5.259654998779296875e+00 -2.319712448120117188e+01 3.213684844970703125e+01 5.260096073150634766e+00
-2.214191055297851562e+01 9.791259765625000000e+00 4.622856140136718750e+00 -2.144587135314941406e+01 3.100763320922851562e+01 5.887499332427978516e+00
-2.392260551452636719e+01 1.362161636352539062e+01 7.027037620544433594e+00 -1.523804950714111328e+01 2.549302673339843750e+01 5.045274734497070312e+00
-2.348394012451171875e+01 1.414647102355957031e+01 7.232613086700439453e+00 -1.467868995666503906e+01 2.455501365661621094e+01 4.469878196716308594e+00
-2.455262184143066406e+01 1.580041885375976562e+01 7.166079044342041016e+00 -1.554886150360107422e+01 2.377433204650878906e+01 4.834645271301269531e+00
-2.604586219787597656e+01 1.656137657165527344e+01 6.274502277374267578e+00 -1.638232803344726562e+01 2.362774276733398438e+01 4.444993972778320312e+00
-2.873596763610839844e+01 1.650489807128906250e+01 5.576269626617431641e+00 -1.800016593933105469e+01 2.352600097656250000e+01 4.034412384033203125e+00
-3.245816421508789062e+01 1.817993927001953125e+01 1.918576240539550781e+00 -1.419125366210937500e+01 2.192007637023925781e+01 6.473051071166992188e+00
-3.493269729614257812e+01 2.146316528320312500e+01 8.039042353630065918e-01 -1.460277748107910156e+01 1.951087379455566406e+01 6.754721641540527344e+00
-3.576725387573242188e+01 2.529650688171386719e+01 6.286723017692565918e-01 -1.632094001770019531e+01 1.798773002624511719e+01 6.500429630279541016e+00
-3.373135375976562500e+01 2.674685668945312500e+01 1.906220912933349609e+00 -1.773353195190429688e+01 1.657406997680664062e+01 6.758031845092773438e+00
-2.987287712097167969e+01 2.705604171752929688e+01 3.358505964279174805e+00 -1.961823844909667969e+01 1.634607887268066406e+01 7.545165061950683594e+00
-2.500664329528808594e+01 2.855237007141113281e+01 3.137112617492675781e+00 -2.280128097534179688e+01 1.911972045898437500e+01 6.126239776611328125e+00
-2.075074386596679688e+01 2.882885932922363281e+01 4.534015178680419922e+00 -2.033737754821777344e+01 1.862092590332031250e+01 7.729008674621582031e+00
-1.522190093994140625e+01 2.793807029724121094e+01 5.249732494354248047e+00 -1.867118644714355469e+01 1.707930755615234375e+01 8.900628089904785156e+00
-1.102481937408447266e+01 2.703200340270996094e+01 4.974528789520263672e+00 -1.687821578979492188e+01 1.640510940551757812e+01 1.177711200714111328e+01
-9.456594467163085938e+00 2.647286033630371094e+01 4.044368267059326172e+00 -1.661007690429687500e+01 1.590028667449951172e+01 1.341765594482421875e+01
-8.273283004760742188e+00 2.468071174621582031e+01 3.585569143295288086e+00 -2.241234016418457031e+01 1.735811996459960938e+01 1.171348857879638672e+01
-7.465120792388916016e+00 2.356865119934082031e+01 4.166808605194091797e+00 -2.326212692260742188e+01 1.815640640258789062e+01 1.105084037780761719e+01
-8.080328941345214844e+00 2.308174324035644531e+01 3.437783956527709961e+00 -2.489462852478027344e+01 1.877707099914550781e+01 1.010849571228027344e+01
-9.668546676635742188e+00 2.223555564880371094e+01 2.882153272628784180e+00 -2.600870132446289062e+01 1.982448577880859375e+01 8.708547592163085938e+00
-1.169640064239501953e+01 2.152421569824218750e+01 2.579647779464721680e+00 -2.716400527954101562e+01 2.069233894348144531e+01 7.953689575195312500e+00
-1.254487323760986328e+01 1.961648559570312500e+01 2.966548204421997070e+00 -3.238541793823242188e+01 2.105156326293945312e+01 3.635694503784179688e+00
-1.413963603973388672e+01 1.869994926452636719e+01 3.559812784194946289e+00 -3.387321472167968750e+01 2.279656219482421875e+01 2.230690956115722656e+00
-1.602131462097167969e+01 1.808053207397460938e+01 4.381687641143798828e+00 -3.439646530151367188e+01 2.563380432128906250e+01 2.966359138488769531e+00
-1.744959068298339844e+01 1.708917617797851562e+01 4.807239055633544922e+00 -3.286739730834960938e+01 2.722849273681640625e+01 4.431735992431640625e+00
-1.803554344177246094e+01 1.614832687377929688e+01 6.019957065582275391e+00 -2.980099296569824219e+01 2.827135467529296875e+01 5.962018966674804688e+00
-1.833847618103027344e+01 1.884293937683105469e+01 6.330000400543212891e+00 -2.468400192260742188e+01 2.487269973754882812e+01 6.526308536529541016e+00
-1.725221633911132812e+01 1.739328575134277344e+01 7.068614482879638672e+00 -2.312708282470703125e+01 2.489717864990234375e+01 6.610333919525146484e+00
-1.621372985839843750e+01 1.640879058837890625e+01 7.554042339324951172e+00 -2.086202049255371094e+01 2.557271957397460938e+01 7.152168273925781250e+00
-1.594918823242187500e+01 1.525011825561523438e+01 7.319923877716064453e+00 -1.977585411071777344e+01 2.546767425537109375e+01 8.070592880249023438e+00
-1.622548294067382812e+01 1.566083908081054688e+01 7.178665637969970703e+00 -1.850868034362792969e+01 2.512840652465820312e+01 8.151376724243164062e+00
-1.621634483337402344e+01 1.504512786865234375e+01 7.586930751800537109e+00 -1.965646553039550781e+01 2.511807060241699219e+01 8.061072349548339844e+00
-1.478890895843505859e+01 1.295343208312988281e+01 8.055558204650878906e+00 -1.874198722839355469e+01 2.496006202697753906e+01 7.341243743896484375e+00
-1.598834896087646484e+01 1.215339469909667969e+01 7.633067607879638672e+00 -1.779239654541015625e+01 2.520991516113281250e+01 6.999968528747558594e+00
-1.900795555114746094e+01 1.136170005798339844e+01 6.279653072357177734e+00 -1.847512054443359375e+01 2.528854560852050781e+01 4.564203262329101562e+00
-2.297238159179687500e+01 1.218983650207519531e+01 5.711572647094726562e+00 -1.959100532531738281e+01 2.510228157043457031e+01 2.853224754333496094e+00
-2.696674156188964844e+01 1.578848457336425781e+01 3.748319864273071289e+00 -1.839982604980468750e+01 2.636117935180664062e+01 3.857764720916748047e+00
-2.914906120300292969e+01 1.934418296813964844e+01 2.773292303085327148e+00 -1.948856925964355469e+01 2.585667228698730469e+01 4.177628993988037109e+00
-2.998202514648437500e+01 2.101977348327636719e+01 3.873240232467651367e+00 -1.997802543640136719e+01 2.524065399169921875e+01 3.894114017486572266e+00
-2.844211387634277344e+01 2.313358688354492188e+01 4.567766189575195312e+00 -2.053172492980957031e+01 2.413665771484375000e+01 5.662460803985595703e+00
-2.520375442504882812e+01 2.439282608032226562e+01 5.021112442016601562e+00 -2.021695137023925781e+01 2.376907539367675781e+01 7.438428878784179688e+00
-2.174709320068359375e+01 2.356482696533203125e+01 7.029052257537841797e+00 -1.588509654998779297e+01 2.214305686950683594e+01 9.011824607849121094e+00
-2.063916778564453125e+01 2.258834838867187500e+01 7.303507328033447266e+00 -1.314748859405517578e+01 2.237383651733398438e+01 9.445979118347167969e+00
-2.114825057983398438e+01 2.271887207031250000e+01 5.455095291137695312e+00 -1.027072811126708984e+01 2.025332450866699219e+01 1.161680507659912109e+01
-2.238849067687988281e+01 2.368517875671386719e+01 2.992298841476440430e+00 -8.161931037902832031e+00 1.796868133544921875e+01 1.149408626556396484e+01
-2.571978187561035156e+01 2.551041221618652344e+01 7.288205027580261230e-01 -7.917879581451416016e+00 1.529730510711669922e+01 1.148571491241455078e+01
-3.054362297058105469e+01 3.468687820434570312e+01 -8.441174775362014771e-02 -1.170794200897216797e+01 5.713609218597412109e+00 1.155713081359863281e+01
-2.842962455749511719e+01 3.545377731323242188e+01 -1.746935099363327026e-01 -1.516580867767333984e+01 7.026630878448486328e+00 1.164554595947265625e+01
-2.464649200439453125e+01 3.278982543945312500e+01 -1.143042817711830139e-01 -1.980988121032714844e+01 8.586487770080566406e+00 9.203782081604003906e+00
-2.113530731201171875e+01 3.140131187438964844e+01 1.054959058761596680e+00 -2.392805671691894531e+01 1.143483638763427734e+01 8.443934440612792969e+00
-1.760603713989257812e+01 2.897062110900878906e+01 2.297651052474975586e+00 -2.660069084167480469e+01 1.511630344390869141e+01 8.407763481140136719e+00
-1.701396179199218750e+01 2.739464759826660156e+01 1.531135797500610352e+00 -2.819935607910156250e+01 1.818337249755859375e+01 8.684124946594238281e+00
-1.703739929199218750e+01 2.702928733825683594e+01 1.085782289505004883e+00 -3.266377639770507812e+01 1.816086196899414062e+01 8.692271232604980469e+00
-1.564371395111083984e+01 2.650646781921386719e+01 1.879352331161499023e+00 -3.476189041137695312e+01 1.973036575317382812e+01 9.248597145080566406e+00
-1.409963130950927734e+01 2.378507804870605469e+01 3.142107248306274414e+00 -3.435709762573242188e+01 2.098889732360839844e+01 9.442023277282714844e+00
-1.258112335205078125e+01 2.217840385437011719e+01 4.371127605438232422e+00 -3.346261978149414062e+01 2.286473655700683594e+01 9.911339759826660156e+00
-3.731009006500244141e+00 1.688951683044433594e+01 8.074671745300292969e+00 -3.119491004943847656e+01 2.307087326049804688e+01 1.018977928161621094e+01
-8.561674356460571289e-01 1.356046295166015625e+01 1.022241210937500000e+01 -2.796922874450683594e+01 2.478123855590820312e+01 8.993786811828613281e+00
-8.354246020317077637e-01 9.593324661254882812e+00 1.095138072967529297e+01 -2.740211486816406250e+01 2.693244743347167969e+01 7.021962165832519531e+00
-2.978498697280883789e+00 7.491605281829833984e+00 1.113313865661621094e+01 -2.821590042114257812e+01 2.901860427856445312e+01 4.328768730163574219e+00
-7.104251384735107422e+00 6.379509449005126953e+00 1.142404842376708984e+01 -2.963012695312500000e+01 3.104129409790039062e+01 1.783359527587890625e+00
-1.171148586273193359e+01 2.161889076232910156e+00 1.007590293884277344e+01 -2.771764564514160156e+01 3.737903976440429688e+01 9.043645858764648438e-01
-1.727979469299316406e+01 3.604059696197509766e+00 9.462643623352050781e+00 -2.675792503356933594e+01 3.638495635986328125e+01 9.478154182434082031e-01
-2.095320701599121094e+01 7.224096775054931641e+00 9.203996658325195312e+00 -2.565340232849121094e+01 3.533691024780273438e+01 2.510803699493408203e+00
-2.265103721618652344e+01 9.278617858886718750e+00 8.657728195190429688e+00 -2.422991561889648438e+01 3.325560760498046875e+01 2.624053478240966797e+00
-2.370557212829589844e+01 1.306188583374023438e+01 8.294459342956542969e+00 -2.204118919372558594e+01 3.073121643066406250e+01 4.230483055114746094e+00
-2.969473648071289062e+01 1.638663101196289062e+01 5.947177886962890625e+00 -2.276961898803710938e+01 2.998564147949218750e+01 8.451345443725585938e+00
-3.000890922546386719e+01 1.699591255187988281e+01 6.890488147735595703e+00 -1.937812614440917969e+01 2.781752395629882812e+01 8.411685943603515625e+00
-2.897969436645507812e+01 2.005652809143066406e+01 6.256132602691650391e+00 -1.364197540283203125e+01 2.556909942626953125e+01 1.035271072387695312e+01
-2.649988174438476562e+01 2.101853942871093750e+01 6.208922386169433594e+00 -9.003378868103027344e+00 2.218498229980468750e+01 1.042326164245605469e+01
-2.361839866638183594e+01 2.127645111083984375e+01 6.929594516754150391e+00 -8.665422439575195312e+00 1.809749412536621094e+01 8.803976058959960938e+00
-2.916680335998535156e+01 2.774720382690429688e+01 3.422644376754760742e+00 -9.612252235412597656e+00 1.818442153930664062e+01 1.221006584167480469e+01
-2.844161796569824219e+01 3.123808479309082031e+01 8.537365794181823730e-01 -6.056671619415283203e+00 1.383081054687500000e+01 1.461188507080078125e+01
-2.778283119201660156e+01 3.521671676635742188e+01 -1.850860863924026489e-01 -3.875324964523315430e+00 8.938939094543457031e+00 1.680439186096191406e+01
-2.742831420898437500e+01 3.859622955322265625e+01 -3.098669350147247314e-01 -4.128551006317138672e+00 4.753125190734863281e+00 1.600783348083496094e+01
-2.771679687500000000e+01 4.148835754394531250e+01 -4.480573236942291260e-01 -6.639598846435546875e+00 2.667935371398925781e+00 1.601280784606933594e+01
-2.402742767333984375e+01 4.490790176391601562e+01 -4.867544770240783691e-01 -1.782464218139648438e+01 -1.717958152294158936e-01 1.569767761230468750e+01
-2.263096046447753906e+01 4.392742156982421875e+01 -3.510520160198211670e-01 -2.360701370239257812e+01 -1.035891752690076828e-02 1.421855163574218750e+01
-2.113150596618652344e+01 4.295101547241210938e+01 -3.592863380908966064e-01 -2.898735046386718750e+01 1.734294295310974121e+00 1.297306442260742188e+01
-1.916391754150390625e+01 4.061716079711914062e+01 -3.123895823955535889e-01 -3.236696624755859375e+01 5.204437732696533203e+00 1.293977928161621094e+01
-1.870279502868652344e+01 3.862113952636718750e+01 -2.085175812244415283e-01 -3.308219528198242188e+01 7.904840946197509766e+00 1.240261840820312500e+01
-1.223781967163085938e+01 3.609391021728515625e+01 -1.132640168070793152e-01 -3.621358871459960938e+01 9.556300163269042969e+00 1.024746704101562500e+01
-7.422742366790771484e+00 3.095171546936035156e+01 1.767377376556396484e+00 -3.865711593627929688e+01 1.323093223571777344e+01 8.512641906738281250e+00
-4.541171073913574219e+00 2.443568992614746094e+01 5.757606029510498047e+00 -3.815272521972656250e+01 1.924192428588867188e+01 6.623990535736083984e+00
-3.691003084182739258e+00 1.773764228820800781e+01 8.303772926330566406e+00 -3.702646255493164062e+01 2.417618179321289062e+01 6.356821537017822266e+00
-4.019410610198974609e+00 1.331346511840820312e+01 9.926524162292480469e+00 -3.549115371704101562e+01 3.028960037231445312e+01 5.251244068145751953e+00
-6.211413860321044922e+00 1.058536338806152344e+01 1.136046409606933594e+01 -3.506368255615234375e+01 3.218479919433593750e+01 3.213805675506591797e+00
-4.068807125091552734e+00 8.640499114990234375e+00 1.123441410064697266e+01 -3.467355346679687500e+01 3.478787994384765625e+01 3.272890090942382812e+00
-4.269467830657958984e+00 6.077237129211425781e+00 1.061144828796386719e+01 -3.355500411987304688e+01 3.743441390991210938e+01 2.896008491516113281e+00
-5.118796825408935547e+00 4.216581821441650391e+00 1.187143611907958984e+01 -3.262293624877929688e+01 3.900758743286132812e+01 3.669593334197998047e+00
-7.117294311523437500e+00 3.471176624298095703e+00 1.184401798248291016e+01 -3.222277069091796875e+01 4.145980834960937500e+01 3.189467430114746094e+00
-1.255046176910400391e+01 1.478953838348388672e+00 1.450735378265380859e+01 -2.352836799621582031e+01 4.207241058349609375e+01 3.311451911926269531e+00
-1.820727157592773438e+01 2.538403511047363281e+00 1.319052791595458984e+01 -1.804611968994140625e+01 4.178525161743164062e+01 4.861483097076416016e+00
-2.310593986511230469e+01 3.672429084777832031e+00 1.113066196441650391e+01 -1.437363719940185547e+01 3.848012161254882812e+01 5.110498428344726562e+00
-2.687342262268066406e+01 8.987396240234375000e+00 9.685809135437011719e+00 -1.170829296112060547e+01 3.471532058715820312e+01 4.869044303894042969e+00
-2.745175552368164062e+01 1.297717285156250000e+01 8.225448608398437500e+00 -1.040288066864013672e+01 2.914746093750000000e+01 5.197016716003417969e+00
-2.882758140563964844e+01 1.582920455932617188e+01 6.602978229522705078e+00 -1.039606761932373047e+01 2.745478439331054688e+01 5.459912776947021484e+00
-3.465837860107421875e+01 2.027462959289550781e+01 5.798285961151123047e+00 -9.561106681823730469e+00 2.479830360412597656e+01 7.943022727966308594e+00
-3.771444320678710938e+01 2.500635910034179688e+01 5.503652572631835938e+00 -8.264899253845214844e+00 2.136936950683593750e+01 9.357894897460937500e+00
-3.792207336425781250e+01 2.988909530639648438e+01 5.476981639862060547e+00 -7.361251831054687500e+00 1.770159912109375000e+01 1.092688179016113281e+01
-3.535572433471679688e+01 3.318645858764648438e+01 4.773407459259033203e+00 -5.834327220916748047e+00 1.320790004730224609e+01 1.171695518493652344e+01
-3.079685020446777344e+01 3.508515930175781250e+01 2.110822200775146484e+00 -7.332282543182373047e+00 1.056212997436523438e+01 1.238240909576416016e+01
-2.631633377075195312e+01 3.599296569824218750e+01 8.401479125022888184e-01 -1.043622493743896484e+01 9.035491943359375000e+00 1.414079666137695312e+01
-2.216752052307128906e+01 3.602384948730468750e+01 2.236458659172058105e-01 -1.260167598724365234e+01 6.883224010467529297e+00 1.346001720428466797e+01
-1.842490005493164062e+01 3.578021621704101562e+01 7.396892905235290527e-01 -1.599880981445312500e+01 7.507996082305908203e+00 1.237588691711425781e+01
-1.729110717773437500e+01 3.354438400268554688e+01 1.851174831390380859e+00 -2.024918174743652344e+01 8.617488861083984375e+00 1.031986141204833984e+01
-1.362490844726562500e+01 2.929339599609375000e+01 3.867595434188842773e+00 -2.709512901306152344e+01 1.283690166473388672e+01 9.614218711853027344e+00
-1.172085952758789062e+01 2.817175483703613281e+01 3.966405153274536133e+00 -3.149784851074218750e+01 1.448839855194091797e+01 8.204623222351074219e+00
-1.040198802947998047e+01 2.726164817810058594e+01 3.561018228530883789e+00 -3.576559066772460938e+01 1.713523483276367188e+01 7.174208641052246094e+00
-1.015084362030029297e+01 2.464699554443359375e+01 4.740119934082031250e+00 -3.835595321655273438e+01 2.042381095886230469e+01 6.377197265625000000e+00
-9.452860832214355469e+00 2.082754516601562500e+01 5.892811298370361328e+00 -3.925210952758789062e+01 2.430028152465820312e+01 6.319505691528320312e+00
-8.953191757202148438e+00 1.698598098754882812e+01 8.316941261291503906e+00 -3.891416931152343750e+01 2.872804641723632812e+01 4.682831764221191406e+00
-6.576276302337646484e+00 1.368513870239257812e+01 1.077719211578369141e+01 -3.640340042114257812e+01 3.157749176025390625e+01 3.946864128112792969e+00
-5.199018001556396484e+00 1.090095329284667969e+01 1.195809459686279297e+01 -3.365246582031250000e+01 3.457023239135742188e+01 3.783894538879394531e+00
-5.802425384521484375e+00 7.627172946929931641e+00 1.273059272766113281e+01 -3.016329765319824219e+01 3.618647003173828125e+01 2.606486797332763672e+00
-8.317599296569824219e+00 5.334711074829101562e+00 1.196854400634765625e+01 -2.699446105957031250e+01 3.726488113403320312e+01 2.467366218566894531e+00
-1.203626060485839844e+01 4.332726955413818359e+00 1.325531673431396484e+01 -2.362883567810058594e+01 3.844708251953125000e+01 5.029597282409667969e+00
-1.256305027008056641e+01 3.205195903778076172e+00 1.246557044982910156e+01 -1.827701568603515625e+01 3.742072296142578125e+01 4.235732555389404297e+00
-1.517225646972656250e+01 4.327333927154541016e+00 1.038889789581298828e+01 -1.508827114105224609e+01 3.606606292724609375e+01 4.603493213653564453e+00
-1.946399307250976562e+01 6.342385768890380859e+00 7.856153964996337891e+00 -1.361784553527832031e+01 3.365981292724609375e+01 4.646884441375732422e+00
-2.493124771118164062e+01 1.022031784057617188e+01 6.117470741271972656e+00 -1.382917976379394531e+01 3.068782615661621094e+01 4.985895156860351562e+00
-3.213722229003906250e+01 1.642849540710449219e+01 4.951004028320312500e+00 -1.592647457122802734e+01 3.040874290466308594e+01 4.494304180145263672e+00
-3.364222335815429688e+01 1.975985336303710938e+01 3.803736925125122070e+00 -1.449851131439208984e+01 2.792109107971191406e+01 5.999224662780761719e+00
-3.482649993896484375e+01 2.259468078613281250e+01 3.645266294479370117e+00 -1.330147266387939453e+01 2.409409904479980469e+01 7.187194824218750000e+00
-3.413134384155273438e+01 2.607734107971191406e+01 2.517982244491577148e+00 -1.348608589172363281e+01 2.067352104187011719e+01 9.026295661926269531e+00
-3.262665176391601562e+01 2.896590614318847656e+01 1.480902910232543945e+00 -1.559568691253662109e+01 1.813541412353515625e+01 1.025888061523437500e+01
-2.953256797790527344e+01 3.227793121337890625e+01 1.970175504684448242e+00 -1.477869701385498047e+01 1.506671619415283203e+01 1.124768161773681641e+01
-2.796107482910156250e+01 3.411314392089843750e+01 2.061819791793823242e+00 -1.378710365295410156e+01 1.387260437011718750e+01 1.255147552490234375e+01
-2.462471008300781250e+01 3.418627548217773438e+01 3.138653516769409180e+00 -1.282770824432373047e+01 1.233778381347656250e+01 1.244262886047363281e+01
-2.073193740844726562e+01 3.383280944824218750e+01 3.420393705368041992e+00 -1.355403137207031250e+01 1.149557495117187500e+01 1.171431636810302734e+01
-1.800668716430664062e+01 3.294118118286132812e+01 2.506382703781127930e+00 -1.609401130676269531e+01 1.176283740997314453e+01 1.131824398040771484e+01
-1.701790428161621094e+01 3.164605522155761719e+01 -6.929904222488403320e-03 -2.037370109558105469e+01 1.220177841186523438e+01 1.098683738708496094e+01
-1.652510643005371094e+01 3.173173713684082031e+01 -2.640658756718039513e-03 -2.302591514587402344e+01 1.236835670471191406e+01 1.008301544189453125e+01
-1.529583168029785156e+01 2.942763137817382812e+01 1.746298551559448242e+00 -2.708486938476562500e+01 1.398855209350585938e+01 8.360038757324218750e+00
-1.495807170867919922e+01 2.812233924865722656e+01 3.372597455978393555e+00 -3.045280838012695312e+01 1.608086967468261719e+01 7.818761825561523438e+00
-1.399568843841552734e+01 2.648151588439941406e+01 4.165396213531494141e+00 -3.249174880981445312e+01 1.956546592712402344e+01 8.108358383178710938e+00
-1.170698928833007812e+01 2.356631278991699219e+01 5.323384761810302734e+00 -3.436349868774414062e+01 2.205040359497070312e+01 6.230814456939697266e+00
-1.171703720092773438e+01 2.127629470825195312e+01 7.165390491485595703e+00 -3.532790374755859375e+01 2.488267135620117188e+01 6.124967098236083984e+00
-9.658501625061035156e+00 1.849552726745605469e+01 9.014067649841308594e+00 -3.479298019409179688e+01 2.719919204711914062e+01 5.430959224700927734e+00
-7.166333675384521484e+00 1.604639244079589844e+01 1.024117851257324219e+01 -3.231392669677734375e+01 2.955514526367187500e+01 5.719512462615966797e+00
-5.306653499603271484e+00 1.355838775634765625e+01 1.127522945404052734e+01 -2.867519187927246094e+01 3.030000686645507812e+01 5.228968143463134766e+00
-1.101374912261962891e+01 9.565370559692382812e+00 1.114588165283203125e+01 -2.522288131713867188e+01 3.413761520385742188e+01 4.330297946929931641e+00
-1.344893169403076172e+01 1.093913841247558594e+01 9.677165031433105469e+00 -2.261440658569335938e+01 3.308923721313476562e+01 5.000693798065185547e+00
-1.730219268798828125e+01 1.270482063293457031e+01 8.332512855529785156e+00 -2.089769935607910156e+01 3.183773040771484375e+01 5.827269554138183594e+00
-2.046459579467773438e+01 1.537537574768066406e+01 7.841513156890869141e+00 -2.043140029907226562e+01 3.023928070068359375e+01 5.220622062683105469e+00
-2.099535179138183594e+01 1.713138008117675781e+01 7.254940509796142578e+00 -2.094129943847656250e+01 2.803547668457031250e+01 4.581004142761230469e+00
-2.389303398132324219e+01 2.029005622863769531e+01 5.754974842071533203e+00 -2.082924842834472656e+01 2.532760620117187500e+01 5.793969154357910156e+00
-2.645861625671386719e+01 2.066250419616699219e+01 4.846456050872802734e+00 -1.912423133850097656e+01 2.503099060058593750e+01 7.128948211669921875e+00
-2.730458641052246094e+01 2.131163978576660156e+01 4.836024761199951172e+00 -1.703694915771484375e+01 2.499670600891113281e+01 7.424448013305664062e+00
-2.723810768127441406e+01 2.194505310058593750e+01 4.413789272308349609e+00 -1.599643611907958984e+01 2.352164459228515625e+01 8.258195877075195312e+00
-2.617835998535156250e+01 2.416304397583007812e+01 4.174223423004150391e+00 -1.529610633850097656e+01 2.267177772521972656e+01 8.846926689147949219e+00
-2.489789390563964844e+01 2.463411903381347656e+01 2.218920946121215820e+00 -1.331059932708740234e+01 2.093697357177734375e+01 9.098697662353515625e+00
-2.594099426269531250e+01 2.648690223693847656e+01 2.178018331527709961e+00 -1.415509986877441406e+01 1.855969810485839844e+01 1.011440849304199219e+01
-2.539694404602050781e+01 2.820742607116699219e+01 3.096698045730590820e+00 -1.532993507385253906e+01 1.590002346038818359e+01 9.672616958618164062e+00
-2.334970283508300781e+01 2.996160697937011719e+01 3.567350149154663086e+00 -1.602197837829589844e+01 1.484015560150146484e+01 1.017471122741699219e+01
-1.999149703979492188e+01 2.983094978332519531e+01 3.938336133956909180e+00 -1.621330070495605469e+01 1.363921165466308594e+01 9.491985321044921875e+00
-1.898682403564453125e+01 2.796569252014160156e+01 4.397693157196044922e+00 -1.958222389221191406e+01 1.496214199066162109e+01 9.364742279052734375e+00
-1.829181480407714844e+01 2.804896163940429688e+01 4.864326953887939453e+00 -2.141827392578125000e+01 1.523531246185302734e+01 8.506718635559082031e+00
-1.682324981689453125e+01 2.708555221557617188e+01 5.856792926788330078e+00 -2.337681007385253906e+01 1.662396812438964844e+01 7.678148269653320312e+00
-1.563037014007568359e+01 2.639771270751953125e+01 6.262084484100341797e+00 -2.502285575866699219e+01 1.852488327026367188e+01 7.728747367858886719e+00
-1.318633937835693359e+01 2.431687164306640625e+01 6.894664287567138672e+00 -2.416961479187011719e+01 2.050870704650878906e+01 7.844209671020507812e+00
-1.055683708190917969e+01 2.270056724548339844e+01 6.282705307006835938e+00 -2.415376853942871094e+01 2.112244796752929688e+01 8.212255477905273438e+00
-1.175069808959960938e+01 1.983167266845703125e+01 6.886776924133300781e+00 -2.512202262878417969e+01 2.310961914062500000e+01 7.893967628479003906e+00
-1.276191520690917969e+01 1.884950447082519531e+01 7.102516651153564453e+00 -2.619781303405761719e+01 2.495258331298828125e+01 8.126505851745605469e+00
-1.390293025970458984e+01 1.749708747863769531e+01 6.783467769622802734e+00 -2.596269798278808594e+01 2.701562881469726562e+01 6.512764453887939453e+00
-1.349920368194580078e+01 1.508530426025390625e+01 7.042063236236572266e+00 -2.384658813476562500e+01 2.709422683715820312e+01 6.218500137329101562e+00
-1.533730792999267578e+01 1.619999122619628906e+01 6.820698261260986328e+00 -2.430399513244628906e+01 2.680644607543945312e+01 7.055362701416015625e+00
-1.616028213500976562e+01 1.621166229248046875e+01 6.861511707305908203e+00 -2.376154327392578125e+01 2.660107231140136719e+01 7.078352928161621094e+00
-1.684873771667480469e+01 1.569762992858886719e+01 6.694651603698730469e+00 -2.437026405334472656e+01 2.568169975280761719e+01 6.675369262695312500e+00
-1.804561042785644531e+01 1.646686172485351562e+01 6.692809581756591797e+00 -2.432527732849121094e+01 2.542041206359863281e+01 5.778090000152587891e+00
-1.930491447448730469e+01 1.633579254150390625e+01 6.973375320434570312e+00 -2.363818550109863281e+01 2.360857772827148438e+01 5.543528556823730469e+00
