-5.399204254150390625e+00 7.251369953155517578e+00 1.428422641754150391e+01 -1.079559326171875000e+01 3.070695686340332031e+01 2.557503700256347656e+00
-4.606656074523925781e+00 4.607888698577880859e+00 1.481395339965820312e+01 -1.388545513153076172e+01 3.138294601440429688e+01 4.154186248779296875e-01
-7.438373088836669922e+00 1.977285385131835938e+00 1.300828266143798828e+01 -1.728265953063964844e+01 3.198908996582031250e+01 -2.427681982517242432e-01
-1.400031471252441406e+01 3.281811237335205078e+00 9.299921989440917969e+00 -1.842168998718261719e+01 3.181590652465820312e+01 -2.631115959957242012e-03
-2.310673522949218750e+01 6.964664936065673828e+00 5.003813266754150391e+00 -1.778641510009765625e+01 3.081718444824218750e+01 1.391014575958251953e+00
-3.386486816406250000e+01 1.099866867065429688e+01 6.025728583335876465e-01 -1.592965888977050781e+01 2.571823883056640625e+01 2.973810195922851562e+00
-4.075007247924804688e+01 1.731336975097656250e+01 -2.495973110198974609e-01 -1.470028972625732422e+01 2.267831802368164062e+01 4.704371929168701172e+00
-4.600242614746093750e+01 2.350544357299804688e+01 -1.642103642225265503e-01 -1.447825622558593750e+01 1.890524291992187500e+01 5.492835998535156250e+00
-4.628829193115234375e+01 2.888014030456542969e+01 4.379222989082336426e-01 -1.465558528900146484e+01 1.603763198852539062e+01 6.564138412475585938e+00
-4.083368682861328125e+01 3.164153480529785156e+01 1.711589574813842773e+00 -1.452613067626953125e+01 1.354621315002441406e+01 8.173325538635253906e+00
-3.429618453979492188e+01 3.277471160888671875e+01 4.513967990875244141e+00 -1.508098888397216797e+01 1.288238716125488281e+01 8.606622695922851562e+00
-2.735725784301757812e+01 3.507852172851562500e+01 4.312757015228271484e+00 -1.534962940216064453e+01 1.157715797424316406e+01 1.116273117065429688e+01
-1.998047256469726562e+01 3.624505615234375000e+01 3.531661748886108398e+00 -1.252305603027343750e+01 8.818484306335449219e+00 1.456831741333007812e+01
-1.312902355194091797e+01 3.599600982666015625e+01 2.039966344833374023e+00 -1.073050498962402344e+01 6.546046733856201172e+00 1.677828025817871094e+01
-9.046682357788085938e+00 3.409262847900390625e+01 2.116377592086791992e+00 -1.014934444427490234e+01 5.319853782653808594e+00 1.724622154235839844e+01
-6.073471069335937500e+00 3.179964256286621094e+01 2.735093355178833008e+00 -1.147945976257324219e+01 3.164876461029052734e+00 1.513463020324707031e+01
-6.717198371887207031e+00 2.930111122131347656e+01 2.179460763931274414e+00 -1.730196762084960938e+01 4.911172389984130859e+00 1.179401969909667969e+01
-9.122925758361816406e+00 2.748390388488769531e+01 7.782980799674987793e-01 -2.298821830749511719e+01 8.282939910888671875e+00 1.093800544738769531e+01
-1.168355083465576172e+01 2.514625740051269531e+01 5.646206736564636230e-01 -2.780707740783691406e+01 1.230339908599853516e+01 9.051921844482421875e+00
-1.214364051818847656e+01 2.221116065979003906e+01 1.887897729873657227e+00 -3.116882896423339844e+01 1.637404632568359375e+01 7.052335739135742188e+00
-1.235246562957763672e+01 2.331639862060546875e+01 3.731791377067565918e-01 -3.762336349487304688e+01 1.845662689208984375e+01 5.170929431915283203e+00
-1.232029342651367188e+01 2.086078071594238281e+01 9.000374674797058105e-01 -4.065121078491210938e+01 2.205086517333984375e+01 2.959316730499267578e+00
-1.145323753356933594e+01 1.822889137268066406e+01 2.774270772933959961e+00 -4.214153289794921875e+01 2.644712448120117188e+01 1.627225399017333984e+00
-1.086603355407714844e+01 1.452206230163574219e+01 4.485116004943847656e+00 -4.252049255371093750e+01 2.946315765380859375e+01 1.315149784088134766e+00
-1.024348354339599609e+01 1.258807563781738281e+01 5.966018199920654297e+00 -4.093525314331054688e+01 3.259202194213867188e+01 1.813454151153564453e+00
-9.830592155456542969e+00 7.245329380035400391e+00 7.721510410308837891e+00 -3.419306945800781250e+01 3.238309097290039062e+01 5.500164031982421875e+00
-1.103107929229736328e+01 5.933885097503662109e+00 7.759370326995849609e+00 -2.966557884216308594e+01 3.239036178588867188e+01 4.877902984619140625e+00
-1.313811206817626953e+01 5.870434761047363281e+00 6.451398372650146484e+00 -2.584782218933105469e+01 3.281868743896484375e+01 5.722623825073242188e+00
-1.680111694335937500e+01 6.353100299835205078e+00 5.259855747222900391e+00 -2.319730758666992188e+01 3.213777542114257812e+01 5.260040283203125000e+00
-2.214300918579101562e+01 9.793870925903320312e+00 4.623025417327880859e+00 -2.144622611999511719e+01 3.100859069824218750e+01 5.887493133544921875e+00
-2.392434883117675781e+01 1.362457084655761719e+01 7.026478290557861328e+00 -1.523826503753662109e+01 2.549340057373046875e+01 5.046092033386230469e+00
-2.348639678955078125e+01 1.414958763122558594e+01 7.231983661651611328e+00 -1.467886066436767578e+01 2.455525779724121094e+01 4.470819473266601562e+00
-2.455550003051757812e+01 1.580400085449218750e+01 7.165449619293212891e+00 -1.554893493652343750e+01 2.377429008483886719e+01 4.835753440856933594e+00
-2.604879760742187500e+01 1.656529998779296875e+01 6.273832321166992188e+00 -1.638225364685058594e+01 2.362735557556152344e+01 4.446259498596191406e+00
-2.873873329162597656e+01 1.650916481018066406e+01 5.575614452362060547e+00 -1.799999809265136719e+01 2.352513313293457031e+01 4.035791397094726562e+00
-3.245946502685546875e+01 1.818355178833007812e+01 1.918901205062866211e+00 -1.419191741943359375e+01 2.191982269287109375e+01 6.473981857299804688e+00
-3.493304824829101562e+01 2.146617507934570312e+01 8.044144511222839355e-01 -1.460363197326660156e+01 1.951127433776855469e+01 6.755579948425292969e+00
-3.576704025268554688e+01 2.529869079589843750e+01 6.291043162345886230e-01 -1.632159233093261719e+01 1.798875617980957031e+01 6.501299381256103516e+00
-3.373106384277343750e+01 2.674828720092773438e+01 1.906622409820556641e+00 -1.773385810852050781e+01 1.657563018798828125e+01 6.758899688720703125e+00
-2.987291526794433594e+01 2.705695724487304688e+01 3.358859300613403320e+00 -1.961828804016113281e+01 1.634810256958007812e+01 7.545960426330566406e+00
-2.500728797912597656e+01 2.855401229858398438e+01 3.136922359466552734e+00 -2.280179214477539062e+01 1.912071800231933594e+01 6.127087593078613281e+00
-2.075133323669433594e+01 2.883045005798339844e+01 4.534060001373291016e+00 -2.033872985839843750e+01 1.862172317504882812e+01 7.729277610778808594e+00
-1.522249507904052734e+01 2.793981552124023438e+01 5.250150203704833984e+00 -1.867347908020019531e+01 1.708045768737792969e+01 8.900758743286132812e+00
-1.102538967132568359e+01 2.703346252441406250e+01 4.975240230560302734e+00 -1.688118934631347656e+01 1.640674972534179688e+01 1.177726840972900391e+01
-9.456961631774902344e+00 2.647369766235351562e+01 4.045399188995361328e+00 -1.661316299438476562e+01 1.590266704559326172e+01 1.341779613494873047e+01
-8.273447990417480469e+00 2.468080139160156250e+01 3.586484670639038086e+00 -2.241540145874023438e+01 1.736132431030273438e+01 1.171345233917236328e+01
-7.465433597564697266e+00 2.356875228881835938e+01 4.167871952056884766e+00 -2.326561546325683594e+01 1.815990829467773438e+01 1.105085182189941406e+01
-8.080520629882812500e+00 2.308180046081542969e+01 3.439059972763061523e+00 -2.489814376831054688e+01 1.878072738647460938e+01 1.010836315155029297e+01
-9.668371200561523438e+00 2.223552703857421875e+01 2.883610010147094727e+00 -2.601207923889160156e+01 1.982824325561523438e+01 8.708270072937011719e+00
-1.169587898254394531e+01 2.152400588989257812e+01 2.581170797348022461e+00 -2.716713905334472656e+01 2.069611358642578125e+01 7.953419685363769531e+00
-1.254507827758789062e+01 1.961505317687988281e+01 2.967430353164672852e+00 -3.238600540161132812e+01 2.105633926391601562e+01 3.635911464691162109e+00
-1.414091777801513672e+01 1.869904518127441406e+01 3.560188055038452148e+00 -3.387187957763671875e+01 2.280032730102539062e+01 2.231381893157958984e+00
-1.602375984191894531e+01 1.808055114746093750e+01 4.381158828735351562e+00 -3.439414215087890625e+01 2.563603591918945312e+01 2.967563152313232422e+00
-1.745323371887207031e+01 1.709074020385742188e+01 4.805797100067138672e+00 -3.286463165283203125e+01 2.722920989990234375e+01 4.433200359344482422e+00
-1.804005241394042969e+01 1.615158653259277344e+01 6.017920970916748047e+00 -2.979843521118164062e+01 2.827027893066406250e+01 5.963584423065185547e+00
-1.834428787231445312e+01 1.884809875488281250e+01 6.327726840972900391e+00 -2.468221664428710938e+01 2.487041091918945312e+01 6.527588367462158203e+00
-1.725855064392089844e+01 1.739961051940917969e+01 7.065337181091308594e+00 -2.312524986267089844e+01 2.489414978027343750e+01 6.611961841583251953e+00
-1.622051429748535156e+01 1.641618156433105469e+01 7.550058841705322266e+00 -2.086022758483886719e+01 2.556903839111328125e+01 7.154190063476562500e+00
-1.595615863800048828e+01 1.525859260559082031e+01 7.315887928009033203e+00 -1.977429962158203125e+01 2.546340560913085938e+01 8.073083877563476562e+00
-1.623232078552246094e+01 1.567010307312011719e+01 7.174496173858642578e+00 -1.850722503662109375e+01 2.512392807006835938e+01 8.154468536376953125e+00
-1.622009086608886719e+01 1.505587959289550781e+01 7.584387302398681641e+00 -1.965602684020996094e+01 2.511090087890625000e+01 8.064478874206542969e+00
-1.479007625579833984e+01 1.296255111694335938e+01 8.054263114929199219e+00 -1.874209022521972656e+01 2.495392990112304688e+01 7.344260215759277344e+00
-1.598745727539062500e+01 1.216048812866210938e+01 7.633191585540771484e+00 -1.779284477233886719e+01 2.520544433593750000e+01 7.002077102661132812e+00
-1.900592422485351562e+01 1.136632156372070312e+01 6.280490398406982422e+00 -1.847585487365722656e+01 2.528571319580078125e+01 4.565519332885742188e+00
-2.297013854980468750e+01 1.219195938110351562e+01 5.712734699249267578e+00 -1.959218978881835938e+01 2.510152053833007812e+01 2.853563308715820312e+00
-2.696446228027343750e+01 1.578889083862304688e+01 3.748209238052368164e+00 -1.840134239196777344e+01 2.636172676086425781e+01 3.858195304870605469e+00
-2.914688110351562500e+01 1.934459495544433594e+01 2.773314237594604492e+00 -1.949091529846191406e+01 2.585751152038574219e+01 4.177667617797851562e+00
-2.998006057739257812e+01 2.101999855041503906e+01 3.873547792434692383e+00 -1.998128509521484375e+01 2.524214363098144531e+01 3.893569946289062500e+00
-2.844021034240722656e+01 2.313355445861816406e+01 4.568456649780273438e+00 -2.053569984436035156e+01 2.413892555236816406e+01 5.661666870117187500e+00
-2.520174217224121094e+01 2.439234352111816406e+01 5.022227764129638672e+00 -2.022118186950683594e+01 2.377205848693847656e+01 7.437686920166015625e+00
-2.174703407287597656e+01 2.356185531616210938e+01 7.030791759490966797e+00 -1.588885784149169922e+01 2.215040206909179688e+01 9.009654045104980469e+00
-2.064052200317382812e+01 2.258523559570312500e+01 7.305109500885009766e+00 -1.315023040771484375e+01 2.238158416748046875e+01 9.444082260131835938e+00
-2.115081787109375000e+01 2.271592712402343750e+01 5.456288814544677734e+00 -1.027202224731445312e+01 2.026050758361816406e+01 1.161559486389160156e+01
-2.239188957214355469e+01 2.368319129943847656e+01 2.992694616317749023e+00 -8.161624908447265625e+00 1.797474861145019531e+01 1.149389076232910156e+01
-2.572379875183105469e+01 2.551010322570800781e+01 7.285744547843933105e-01 -7.916232585906982422e+00 1.530147647857666016e+01 1.148616218566894531e+01
-3.054846572875976562e+01 3.468843078613281250e+01 -8.444798737764358521e-02 -1.170451259613037109e+01 5.714385986328125000e+00 1.155762767791748047e+01
-2.843450736999511719e+01 3.545544433593750000e+01 -1.747334748506546021e-01 -1.516139411926269531e+01 7.027160167694091797e+00 1.164639949798583984e+01
-2.465161705017089844e+01 3.279183578491210938e+01 -1.144017502665519714e-01 -1.980499076843261719e+01 8.586233139038085938e+00 9.204710960388183594e+00
-2.114093017578125000e+01 3.140398979187011719e+01 1.053673505783081055e+00 -2.392296981811523438e+01 1.143404483795166016e+01 8.444428443908691406e+00
-1.761208343505859375e+01 2.897347831726074219e+01 2.295998334884643555e+00 -2.659587669372558594e+01 1.511476993560791016e+01 8.407980918884277344e+00
-1.702019309997558594e+01 2.739799118041992188e+01 1.529821157455444336e+00 -2.819451332092285156e+01 1.818189620971679688e+01 8.686218261718750000e+00
-1.704415893554687500e+01 2.703363609313964844e+01 1.084071874618530273e+00 -3.265784072875976562e+01 1.815815162658691406e+01 8.695150375366210938e+00
-1.565078163146972656e+01 2.651191329956054688e+01 1.877345800399780273e+00 -3.475535583496093750e+01 1.972642707824707031e+01 9.251749038696289062e+00
-1.410663509368896484e+01 2.379146385192871094e+01 3.140156507492065430e+00 -3.435081100463867188e+01 2.098411369323730469e+01 9.444561004638671875e+00
-1.258775424957275391e+01 2.218545722961425781e+01 4.368999958038330078e+00 -3.345706558227539062e+01 2.285937309265136719e+01 9.913555145263671875e+00
-3.734422445297241211e+00 1.689845848083496094e+01 8.072979927062988281e+00 -3.119249534606933594e+01 2.306444931030273438e+01 1.019146728515625000e+01
-8.577825427055358887e-01 1.356901168823242188e+01 1.022126674652099609e+01 -2.796961784362792969e+01 2.477542686462402344e+01 8.994571685791015625e+00
-8.351232409477233887e-01 9.600976943969726562e+00 1.095095348358154297e+01 -2.740463256835937500e+01 2.692821121215820312e+01 7.022106170654296875e+00
-2.976502895355224609e+00 7.497288227081298828e+00 1.113367843627929688e+01 -2.821963500976562500e+01 2.901625251770019531e+01 4.328797817230224609e+00
-7.101359844207763672e+00 6.383333206176757812e+00 1.142565727233886719e+01 -2.963416862487792969e+01 3.104117584228515625e+01 1.783418178558349609e+00
-1.170807552337646484e+01 2.163980484008789062e+00 1.007717609405517578e+01 -2.772253227233886719e+01 3.738028717041015625e+01 9.036107063293457031e-01
-1.727508354187011719e+01 3.605253696441650391e+00 9.464007377624511719e+00 -2.676405334472656250e+01 3.638715362548828125e+01 9.469294548034667969e-01
-2.094727516174316406e+01 7.223839282989501953e+00 9.205936431884765625e+00 -2.566007995605468750e+01 3.534033203125000000e+01 2.509667873382568359e+00
-2.264409255981445312e+01 9.276760101318359375e+00 8.660038948059082031e+00 -2.423676681518554688e+01 3.326029586791992188e+01 2.622903347015380859e+00
-2.369792175292968750e+01 1.305853462219238281e+01 8.297055244445800781e+00 -2.204791069030761719e+01 3.073738098144531250e+01 4.229064464569091797e+00
-2.968698692321777344e+01 1.637995719909667969e+01 5.950573921203613281e+00 -2.277515983581542969e+01 2.999430656433105469e+01 8.450376510620117188e+00
-3.000222206115722656e+01 1.698818969726562500e+01 6.894043445587158203e+00 -1.938265037536621094e+01 2.782666778564453125e+01 8.409986495971679688e+00
-2.897482681274414062e+01 2.004845428466796875e+01 6.259144783020019531e+00 -1.364590644836425781e+01 2.557860755920410156e+01 1.035076904296875000e+01
-2.649714469909667969e+01 2.101079559326171875e+01 6.211359977722167969e+00 -9.007029533386230469e+00 2.219428634643554688e+01 1.042063140869140625e+01
-2.361769676208496094e+01 2.126974868774414062e+01 6.931731224060058594e+00 -8.668918609619140625e+00 1.810615539550781250e+01 8.800973892211914062e+00
-2.917080688476562500e+01 2.774217987060546875e+01 3.425070047378540039e+00 -9.613686561584472656e+00 1.819446563720703125e+01 1.220706844329833984e+01
-2.844630432128906250e+01 3.123489952087402344e+01 8.550125956535339355e-01 -6.055129528045654297e+00 1.383941078186035156e+01 1.461069965362548828e+01
-2.778764152526855469e+01 3.521575546264648438e+01 -1.851090639829635620e-01 -3.870857238769531250e+00 8.944746971130371094e+00 1.680506706237792969e+01
-2.743300247192382812e+01 3.859765243530273438e+01 -3.099982440471649170e-01 -4.121915340423583984e+00 4.756036758422851562e+00 1.600898933410644531e+01
-2.772107887268066406e+01 4.149176406860351562e+01 -4.482879340648651123e-01 -6.632597446441650391e+00 2.667639732360839844e+00 1.601442909240722656e+01
-2.403254508972167969e+01 4.491558837890625000e+01 -4.870231151580810547e-01 -1.781938743591308594e+01 -1.721356064081192017e-01 1.569911766052246094e+01
-2.263642883300781250e+01 4.393573379516601562e+01 -3.513528108596801758e-01 -2.360176849365234375e+01 -1.075192727148532867e-02 1.422020721435546875e+01
-2.113710403442382812e+01 4.295988464355468750e+01 -3.595795035362243652e-01 -2.898218345642089844e+01 1.729975819587707520e+00 1.297479248046875000e+01
-1.916937637329101562e+01 4.062651443481445312e+01 -3.126733005046844482e-01 -3.236196136474609375e+01 5.199705600738525391e+00 1.294210243225097656e+01
-1.870796585083007812e+01 3.863090133666992188e+01 -2.088047266006469727e-01 -3.307731246948242188e+01 7.900092601776123047e+00 1.240525054931640625e+01
-1.224127674102783203e+01 3.610331726074218750e+01 -1.136046200990676880e-01 -3.620935440063476562e+01 9.550120353698730469e+00 1.025029087066650391e+01
-7.426541805267333984e+00 3.096066093444824219e+01 1.764615774154663086e+00 -3.865456390380859375e+01 1.322502231597900391e+01 8.514671325683593750e+00
-4.545102596282958984e+00 2.444410133361816406e+01 5.755784034729003906e+00 -3.815212631225585938e+01 1.923691558837890625e+01 6.625061035156250000e+00
-3.694800615310668945e+00 1.774534416198730469e+01 8.302536010742187500e+00 -3.702736663818359375e+01 2.417234802246093750e+01 6.357891082763671875e+00
-4.022876739501953125e+00 1.332025718688964844e+01 9.925866127014160156e+00 -3.549235534667968750e+01 3.028701400756835938e+01 5.252067565917968750e+00
-6.213194370269775391e+00 1.059049797058105469e+01 1.136010932922363281e+01 -3.506629180908203125e+01 3.218329620361328125e+01 3.214746475219726562e+00
-4.069840908050537109e+00 8.645238876342773438e+00 1.123465538024902344e+01 -3.467819976806640625e+01 3.478749847412109375e+01 3.273701190948486328e+00
-4.269618511199951172e+00 6.081138134002685547e+00 1.061268138885498047e+01 -3.356057357788085938e+01 3.743556976318359375e+01 2.896559715270996094e+00
-5.117867946624755859e+00 4.219061374664306641e+00 1.187365818023681641e+01 -3.262863922119140625e+01 3.901041412353515625e+01 3.670273780822753906e+00
-7.115364074707031250e+00 3.471916675567626953e+00 1.184699821472167969e+01 -3.222767257690429688e+01 4.146422576904296875e+01 3.190346717834472656e+00
-1.254718399047851562e+01 1.478610038757324219e+00 1.451054859161376953e+01 -2.353053855895996094e+01 4.207772827148437500e+01 3.312478065490722656e+00
-1.820258140563964844e+01 2.537354946136474609e+00 1.319365882873535156e+01 -1.804711723327636719e+01 4.179057312011718750e+01 4.862425327301025391e+00
-2.310088157653808594e+01 3.670839786529541016e+00 1.113301086425781250e+01 -1.437400817871093750e+01 3.848517227172851562e+01 5.111497879028320312e+00
-2.686903953552246094e+01 8.985576629638671875e+00 9.687572479248046875e+00 -1.170849418640136719e+01 3.472011566162109375e+01 4.869330406188964844e+00
-2.744880485534667969e+01 1.297553253173828125e+01 8.226834297180175781e+00 -1.040369796752929688e+01 2.915201187133789062e+01 5.196661472320556641e+00
-2.882632827758789062e+01 1.582819175720214844e+01 6.604259967803955078e+00 -1.039770126342773438e+01 2.745931053161621094e+01 5.459049701690673828e+00
-3.465787887573242188e+01 2.027351951599121094e+01 5.799193382263183594e+00 -9.562769889831542969e+00 2.480280113220214844e+01 7.942054748535156250e+00
-3.771483993530273438e+01 2.500541687011718750e+01 5.504150867462158203e+00 -8.266646385192871094e+00 2.137379074096679688e+01 9.357022285461425781e+00
-3.792306518554687500e+01 2.988850021362304688e+01 5.477129936218261719e+00 -7.363088130950927734e+00 1.770582771301269531e+01 1.092617225646972656e+01
-3.535718536376953125e+01 3.318643188476562500e+01 4.773379802703857422e+00 -5.836205959320068359e+00 1.321186542510986328e+01 1.171623516082763672e+01
-3.079959678649902344e+01 3.508517837524414062e+01 2.111174345016479492e+00 -7.333061218261718750e+00 1.056499958038330078e+01 1.238207054138183594e+01
-2.632002639770507812e+01 3.599357986450195312e+01 8.406924605369567871e-01 -1.043617057800292969e+01 9.038159370422363281e+00 1.414061737060546875e+01
-2.217153739929199219e+01 3.602510070800781250e+01 2.243596911430358887e-01 -1.260079574584960938e+01 6.885373592376708984e+00 1.346020030975341797e+01
-1.842889022827148438e+01 3.578227615356445312e+01 7.403427958488464355e-01 -1.599714374542236328e+01 7.509304523468017578e+00 1.237651920318603516e+01
-1.729486846923828125e+01 3.354726028442382812e+01 1.851673841476440430e+00 -2.024697685241699219e+01 8.617823600769042969e+00 1.032102108001708984e+01
-1.362753582000732422e+01 2.929696464538574219e+01 3.867288351058959961e+00 -2.709318351745605469e+01 1.283643627166748047e+01 9.615930557250976562e+00
-1.172300338745117188e+01 2.817571830749511719e+01 3.965925455093383789e+00 -3.149618339538574219e+01 1.448738765716552734e+01 8.206444740295410156e+00
-1.040365695953369141e+01 2.726567649841308594e+01 3.560505151748657227e+00 -3.576444625854492188e+01 1.713403129577636719e+01 7.175758361816406250e+00
-1.015220165252685547e+01 2.465097427368164062e+01 4.739874839782714844e+00 -3.835561752319335938e+01 2.042263412475585938e+01 6.378749370574951172e+00
-9.453878402709960938e+00 2.083141708374023438e+01 5.892664432525634766e+00 -3.925261688232421875e+01 2.429975891113281250e+01 6.320949077606201172e+00
-8.953984260559082031e+00 1.698981666564941406e+01 8.316804885864257812e+00 -3.891587829589843750e+01 2.872779846191406250e+01 4.683959960937500000e+00
-6.576896667480468750e+00 1.368879127502441406e+01 1.077708911895751953e+01 -3.640524673461914062e+01 3.157738876342773438e+01 3.947919845581054688e+00
-5.199441432952880859e+00 1.090438270568847656e+01 1.195812129974365234e+01 -3.365443038940429688e+01 3.457044601440429688e+01 3.784894943237304688e+00
-5.802711486816406250e+00 7.630226612091064453e+00 1.273075008392333984e+01 -3.016527175903320312e+01 3.618695831298828125e+01 2.607392311096191406e+00
-8.317802429199218750e+00 5.337528705596923828e+00 1.196886539459228516e+01 -2.699635696411132812e+01 3.726561355590820312e+01 2.468250274658203125e+00
-1.203599643707275391e+01 4.334968566894531250e+00 1.325585269927978516e+01 -2.363073921203613281e+01 3.844825363159179688e+01 5.030216217041015625e+00
-1.256270503997802734e+01 3.207256317138671875e+00 1.246627807617187500e+01 -1.827913093566894531e+01 3.742221069335937500e+01 4.236232280731201172e+00
-1.517177772521972656e+01 4.329230308532714844e+00 1.038981628417968750e+01 -1.509044075012207031e+01 3.606778717041015625e+01 4.603947639465332031e+00
-1.946336936950683594e+01 6.344034194946289062e+00 7.857181072235107422e+00 -1.361992073059082031e+01 3.366184234619140625e+01 4.647170066833496094e+00
-2.493045234680175781e+01 1.022149467468261719e+01 6.118429660797119141e+00 -1.383102130889892578e+01 3.069000244140625000e+01 4.986073493957519531e+00
-3.213686752319335938e+01 1.642897987365722656e+01 4.951579093933105469e+00 -1.592827033996582031e+01 3.041159629821777344e+01 4.494258403778076172e+00
-3.364244461059570312e+01 1.976025772094726562e+01 3.804343461990356445e+00 -1.450027942657470703e+01 2.792407035827636719e+01 5.998953342437744141e+00
-3.482715988159179688e+01 2.259511947631835938e+01 3.645948171615600586e+00 -1.330314064025878906e+01 2.409716606140136719e+01 7.186955451965332031e+00
-3.413227462768554688e+01 2.607792091369628906e+01 2.518520593643188477e+00 -1.348750209808349609e+01 2.067651367187500000e+01 9.026176452636718750e+00
-3.262763595581054688e+01 2.896677970886230469e+01 1.481432676315307617e+00 -1.559675025939941406e+01 1.813817787170410156e+01 1.025891494750976562e+01
-2.953351783752441406e+01 3.227893829345703125e+01 1.970906019210815430e+00 -1.477909278869628906e+01 1.506941509246826172e+01 1.124768066406250000e+01
-2.796219253540039062e+01 3.411417388916015625e+01 2.062462568283081055e+00 -1.378719615936279297e+01 1.387520027160644531e+01 1.255162239074707031e+01
-2.462602996826171875e+01 3.418736267089843750e+01 3.139179944992065430e+00 -1.282755947113037109e+01 1.234014892578125000e+01 1.244278717041015625e+01
-2.073344039916992188e+01 3.383409881591796875e+01 3.420771360397338867e+00 -1.355384349822998047e+01 1.149765396118164062e+01 1.171462154388427734e+01
-1.800843429565429688e+01 3.294285583496093750e+01 2.506619215011596680e+00 -1.609399223327636719e+01 1.176463222503662109e+01 1.131861495971679688e+01
-1.702005767822265625e+01 3.164806938171386719e+01 -6.927043199539184570e-03 -2.037412071228027344e+01 1.220337009429931641e+01 1.098696517944335938e+01
-1.652715301513671875e+01 3.173367881774902344e+01 -2.618724247440695763e-03 -2.302626800537109375e+01 1.236996746063232422e+01 1.008316993713378906e+01
-1.529765510559082031e+01 2.942946815490722656e+01 1.746706724166870117e+00 -2.708508300781250000e+01 1.399013805389404297e+01 8.360219955444335938e+00
-1.495969390869140625e+01 2.812405204772949219e+01 3.373062849044799805e+00 -3.045287513732910156e+01 1.608235740661621094e+01 7.819122314453125000e+00
-1.399723052978515625e+01 2.648324775695800781e+01 4.165838718414306641e+00 -3.249172592163085938e+01 1.956688690185546875e+01 8.108821868896484375e+00
-1.170822334289550781e+01 2.356795692443847656e+01 5.323451519012451172e+00 -3.436354827880859375e+01 2.205159759521484375e+01 6.231341361999511719e+00
-1.171800136566162109e+01 2.127788352966308594e+01 7.165434360504150391e+00 -3.532813644409179688e+01 2.488381958007812500e+01 6.125488281250000000e+00
-9.659339904785156250e+00 1.849700355529785156e+01 9.014005661010742188e+00 -3.479336166381835938e+01 2.720041847229003906e+01 5.431458473205566406e+00
-7.167198181152343750e+00 1.604772949218750000e+01 1.024113368988037109e+01 -3.231448745727539062e+01 2.955650711059570312e+01 5.720014572143554688e+00
-5.307701110839843750e+00 1.355967712402343750e+01 1.127523899078369141e+01 -2.867590141296386719e+01 3.030158805847167969e+01 5.229368209838867188e+00
-1.101469326019287109e+01 9.566577911376953125e+00 1.114588451385498047e+01 -2.522363090515136719e+01 3.413921356201171875e+01 4.330782413482666016e+00
-1.344965076446533203e+01 1.094031333923339844e+01 9.677198410034179688e+00 -2.261514091491699219e+01 3.309082412719726562e+01 5.001067161560058594e+00
-1.730290794372558594e+01 1.270597648620605469e+01 8.332573890686035156e+00 -2.089845085144042969e+01 3.183947753906250000e+01 5.827563285827636719e+00
-2.046534538269042969e+01 1.537634468078613281e+01 7.841677188873291016e+00 -2.043223381042480469e+01 3.024118804931640625e+01 5.220749855041503906e+00
-2.099609947204589844e+01 1.713213539123535156e+01 7.255192279815673828e+00 -2.094229698181152344e+01 2.803764724731445312e+01 4.581013679504394531e+00
-2.389439773559570312e+01 2.029086685180664062e+01 5.755112171173095703e+00 -2.083008193969726562e+01 2.533030891418457031e+01 5.794129371643066406e+00
-2.646031761169433594e+01 2.066346931457519531e+01 4.846633434295654297e+00 -1.912480354309082031e+01 2.503350639343261719e+01 7.129173278808593750e+00
-2.730636596679687500e+01 2.131284904479980469e+01 4.836243152618408203e+00 -1.703735923767089844e+01 2.499899482727050781e+01 7.424753189086914062e+00
-2.723982238769531250e+01 2.194650268554687500e+01 4.413949489593505859e+00 -1.599676513671875000e+01 2.352364349365234375e+01 8.258541107177734375e+00
-2.617992973327636719e+01 2.416474914550781250e+01 4.174355983734130859e+00 -1.529642963409423828e+01 2.267346191406250000e+01 8.847308158874511719e+00
-2.489922904968261719e+01 2.463621330261230469e+01 2.219124555587768555e+00 -1.331119823455810547e+01 2.093838882446289062e+01 9.099121093750000000e+00
-2.594222068786621094e+01 2.648903465270996094e+01 2.178166151046752930e+00 -1.415595531463623047e+01 1.856111907958984375e+01 1.011484718322753906e+01
-2.539797973632812500e+01 2.820949363708496094e+01 3.096897602081298828e+00 -1.533102703094482422e+01 1.590140819549560547e+01 9.673004150390625000e+00
-2.335048866271972656e+01 2.996364974975585938e+01 3.567591428756713867e+00 -1.602324104309082031e+01 1.484164142608642578e+01 1.017503070831298828e+01
-1.999200248718261719e+01 2.983278083801269531e+01 3.938636541366577148e+00 -1.621461486816406250e+01 1.364078807830810547e+01 9.492272377014160156e+00
-1.898691368103027344e+01 2.796735954284667969e+01 4.398097991943359375e+00 -1.958389091491699219e+01 1.496340465545654297e+01 9.365076065063476562e+00
-1.829154777526855469e+01 2.805029487609863281e+01 4.864985466003417969e+00 -2.142013359069824219e+01 1.523685932159423828e+01 8.506950378417968750e+00
-1.682262802124023438e+01 2.708643531799316406e+01 5.857674121856689453e+00 -2.337881469726562500e+01 1.662588500976562500e+01 7.678233146667480469e+00
-1.562952327728271484e+01 2.639819145202636719e+01 6.263003826141357422e+00 -2.502487564086914062e+01 1.852718544006347656e+01 7.728817939758300781e+00
-1.318540859222412109e+01 2.431684303283691406e+01 6.895618438720703125e+00 -2.417152404785156250e+01 2.051132011413574219e+01 7.844192504882812500e+00
-1.055641746520996094e+01 2.269983100891113281e+01 6.283201217651367188e+00 -2.415540885925292969e+01 2.112568664550781250e+01 8.212257385253906250e+00
-1.175091361999511719e+01 1.983098793029785156e+01 6.887308597564697266e+00 -2.512374687194824219e+01 2.311283874511718750e+01 7.893856048583984375e+00
-1.276268959045410156e+01 1.884907531738281250e+01 7.103120326995849609e+00 -2.619957923889160156e+01 2.495575904846191406e+01 8.126493453979492188e+00
-1.390410804748535156e+01 1.749699211120605469e+01 6.783970355987548828e+00 -2.596434593200683594e+01 2.701873970031738281e+01 6.512861728668212891e+00
-1.350041866302490234e+01 1.508537673950195312e+01 7.042521953582763672e+00 -2.384782981872558594e+01 2.709708786010742188e+01 6.218762874603271484e+00
-1.533844184875488281e+01 1.620052146911621094e+01 6.821058750152587891e+00 -2.430464363098144531e+01 2.680882644653320312e+01 7.055675506591796875e+00
-1.616151237487792969e+01 1.621233749389648438e+01 6.861788749694824219e+00 -2.376205825805664062e+01 2.660321617126464844e+01 7.078839302062988281e+00
-1.684994697570800781e+01 1.569848442077636719e+01 6.694855213165283203e+00 -2.437080955505371094e+01 2.568342781066894531e+01 6.675853729248046875e+00
-1.804674339294433594e+01 1.646796607971191406e+01 6.692975521087646484e+00 -2.432594108581542969e+01 2.542189788818359375e+01 5.778496265411376953e+00
-1.930590248107910156e+01 1.633692169189453125e+01 6.973524093627929688e+00 -2.363901329040527344e+01 2.360973358154296875e+01 5.543800354003906250e+00
